D:\Thesis\Chu_viet_tay\Experiments\Clustering\Clustering_2\data\lowif\lowif1\03ce690fb3914532e968f79abf6d9b29.jpg 0.489583 0.489583 0.479167 0.458333 0.447917 0.427083 0.416667 0.40625 0.239583 0.197917 0.15625 0.145833 0.135417 0.135417 0.135417 0.135417 0.145833 0.15625 0.5 0.5 0.5 0.479167 0.03125 0.0208333 0.0208333 0.0208333 0.0208333 0.0208333 0.0208333 0.03125 0.03125 0.03125 0.0416667 0.0416667 0.0416667 0.0416667 0.0520833 0.0520833 0.0625 0.375 0.364583 0.364583 0.364583 0.375 0.416667 0.447917
D:\Thesis\Chu_viet_tay\Experiments\Clustering\Clustering_2\data\lowif\lowif1\04c4e6e2c34d2496e5df0335c2f12a09.jpg 0.869485 0.868873 0.858456 0.848039 0.838235 0.818015 0.807598 0.787377 0.75674 0.73652 0.528799 0.518382 0.547794 0.577206 0.616422 0.636642 0.65625 0.677083 1 1 0.989583 0.958946 0.918505 0.898284 0.837623 0.797181 0.765931 0.608456 0.627451 0.491422 0.490809 0.490809 0.500613 0.511029 0.520833 0.53125 0.521446 0.511642 0.511642 0.502451 0.473039 0.110294 0.130515 0.140931 0.151348 0.151348 0.433211 0.694853 0.733456 0.762868 0.667279 0.666667 0.666667 0.372549 0.382966
D:\Thesis\Chu_viet_tay\Experiments\Clustering\Clustering_2\data\lowif\lowif1\05cd055e727ad31637129a590e42a1c1.jpg 0.919408 0.921053 0.908991 0.898575 0.879386 0.879386 0.870614 0.870614 0.860197 0.860197 0.841009 0.674342 0.618969 0.634868 0.652412 0.661184 0.659539 0.668311 0.668311 0.699561 0.701206 0.723684 0.747807 0.945724 0.86239 0.859101 0.876645 0.866228 0.512061 0.520833 0.510417 0.510417 0.501645 0.492873 0.485746 0.476974 0.45943 0.434759 0.0926535 0.392544 0.410088 0.543311 0.5625 0.916667 0.947917
D:\Thesis\Chu_viet_tay\Experiments\Clustering\Clustering_2\data\lowif\lowif1\0a9941af98d92b7458dbfdc4db8b212f.jpg 0.898575 0.889803 0.888158 0.858553 0.820175 0.792215 0.753838 0.725877 0.696272 0.668311 0.645833 0.542215 0.526864 0.533991 0.480263 0.478618 0.468202 0.466557 0.457785 0.457785 0.45943 0.461075 0.471491 0.836075 0.864035 0.933662 0.973684 0.805373 0.690789 0.689145 0.678728 0.678728 0.678728 0.689145 0.699561 0.711623 0.850329 0.843202 0.828947 0.495614 0.520285 0.546601 0.546601 0.546601 0.537829 0.355263 0.188596 0.188596 0.179825
D:\Thesis\Chu_viet_tay\Experiments\Clustering\Clustering_2\data\lowif\lowif1\15cc5f3d9b16a1e7d255cbef33491c7d.jpg 0.955478 0.964912 0.946044 0.93661 0.917742 0.899537 0.872559 0.854353 0.760675 0.656902 0.619166 0.627276 0.61718 0.607084 0.588216 0.578782 0.57001 0.551804 0.552466 0.482291 0.753227 0.760675 0.768785 0.768123 0.758689 0.758027 0.757365 0.757365 0.757365 0.588216 0.456802 0.44803 0.439259 0.369745 0.370407 0.238828 0.230718 0.107911 0.117345 0.398709 0.468884 0.48709 0.47898
D:\Thesis\Chu_viet_tay\Experiments\Clustering\Clustering_2\data\lowif\lowif1\20b29959305e55147288ea54eb88651d.jpg 0.618338 0.609566 0.608904 0.590036 0.580602 0.562397 0.544191 0.517213 0.329196 0.310328 0.300894 0.335981 0.353525 0.361635 0.388613 0.406819 0.453327 0.726912 0.726912 0.717478 0.689838 0.671632 0.361635 0.352201 0.360973 0.378517 0.396061 0.396061 0.396061 0.405495 0.405495 0.405495 0.414929 0.406157 0.388613 0.380503 0.381165 0.389937 0.389937 0.449851 0.500331 0.534757 0.587388 0.623138 0.67908 0.69861
D:\Thesis\Chu_viet_tay\Experiments\Clustering\Clustering_2\data\lowif\lowif1\23159d5ff84a2a342d2a9db0137f6d89.jpg 0.782191 0.791625 0.772757 0.753889 0.72625 0.463423 0.427011 0.408805 0.400033 0.408143 0.425687 0.452665 0.470871 0.49851 0.762661 0.753889 0.72625 0.708044 0.681066 0.654088 0.617014 0.616352 0.624462 0.50993 0.508606 0.507944 0.516716 0.525488 0.525488 0.544356 0.431149 0.421715 0.412943 0.404171 0.386627 0.378517 0.0890434 0.0984773 0.107249 0.116683 0.134889 0.31099 0.408143 0.452665 0.479643 0.489076 0.59285
D:\Thesis\Chu_viet_tay\Experiments\Clustering\Clustering_2\data\lowif\lowif1\25f7accb347f723e67c4858bbe936d53.jpg 0.873221 0.873221 0.863787 0.845581 0.827375 0.809169 0.799735 0.781529 0.602946 0.565872 0.546342 0.54568 0.580768 0.588878 0.59765 0.606422 0.606422 0.615856 0.616518 0.636048 0.854353 0.826713 0.807845 0.823403 0.822741 0.813307 0.812645 0.510096 0.500662 0.500662 0.500662 0.500662 0.510096 0.501324 0.492552 0.493214 0.450017 0.459451 0.117345 0.144985 0.135551 0.144985 0.426845 0.6905 0.776895 0.803211 0.812645 0.89755 0.955478 0.926514 0.945382 0.935948 0.945382 0.736346 0.509103 0.508441 0.508441
D:\Thesis\Chu_viet_tay\Experiments\Clustering\Clustering_2\data\lowif\lowif1\2aab493f05e127347f2d32d3d503b0aa.jpg 0.96757 0.97619 0.951013 0.933771 0.771346 0.728243 0.719622 0.684455 0.691708 0.699644 0.854132 0.844828 0.732759 0.733443 0.974822 0.958949 0.959633 0.834428 0.816502 0.823755 0.831007 0.838259 0.845512 0.517926 0.517241 0.517241 0.517241 0.517241 0.509305 0.502053 0.0900383 0.0900383 0.106596 0.114532 0.114532 0.123153 0.131773 0.13971 0.434045 0.457854 0.497537 0.514094 0.506158
D:\Thesis\Chu_viet_tay\Experiments\Clustering\Clustering_2\data\lowif\lowif1\2f2e6aa0b19347fcdf4f2e5ad8b92b33.jpg 0.645047 0.63711 0.636426 0.636426 0.627121 0.601943 0.584702 0.490558 0.388478 0.363985 0.363301 0.38711 0.41092 0.426793 0.44335 0.459907 0.735085 0.743706 0.743706 0.726464 0.374384 0.366448 0.358511 0.358511 0.366448 0.374384 0.382321 0.382321 0.382321 0.382321 0.390941 0.606459 0.606459 0.598522 0.599206 0.593322 0.600575 0.601259 0.609195 0.609195 0.601259 0.585386 0.616448 0.624384 0.624384 0.633689
D:\Thesis\Chu_viet_tay\Experiments\Clustering\Clustering_2\data\lowif\lowif1\3cd65f4acd94e7ec7e35910a44205c37.jpg 0.694718 0.703339 0.686097 0.677477 0.660235 0.574713 0.515052 0.514368 0.486453 0.493706 0.501642 0.509579 0.517515 0.517515 0.517515 0.510263 0.50301 0.658183 0.657499 0.664751 0.664067 0.672003 0.663383 0.42994 0.421319 0.412698 0.421319 0.42994 0.42994 0.414067 0.414751 0.407499 0.360564 0.098659 0.098659 0.098659 0.305692 0.631637 0.639573 0.640257 0.633689
D:\Thesis\Chu_viet_tay\Experiments\Clustering\Clustering_2\data\lowif\lowif1\3ffb104d85142504ed56f25fa3e9b93f.jpg 0.777504 0.778188 0.768883 0.768199 0.751642 0.735085 0.718528 0.70197 0.685413 0.668856 0.635742 0.619184 0.481938 0.45676 0.422277 0.429529 0.453339 0.477833 0.493706 0.501642 0.518199 0.77682 0.77682 0.77682 0.768199 0.751642 0.727148 0.710591 0.676793 0.667488 0.390257 0.398194 0.39751 0.39751 0.39751 0.405446 0.414067 0.414067 0.414067 0.414751 0.414751 0.406814 0.407499 0.0900383 0.098659 0.10728 0.1159 0.569513 0.664067 0.672687 0.69855 0.724412
D:\Thesis\Chu_viet_tay\Experiments\Clustering\Clustering_2\data\lowif\lowif1\4014f744530d37860c902c15af0a0168.jpg 0.500547 0.586754 0.40572 0.388478 0.380542 0.458812 0.476738 0.492611 0.369869 0.377121 0.408867 0.433361 0.441297 0.441297 0.458539 0.726464 0.710591 0.652983 0.586754 0.560892 0.559524 0.574713 0.590586 0.589902 0.597838 0.605775 0.605775 0.484401 0.406814 0.406814 0.398194 0.398194 0.390257 0.382321 0.366448 0.0569239 0.0569239 0.0734811 0.0734811 0.295703 0.320197 0.351943 0.376437 0.408183 0.416804 0.425424
D:\Thesis\Chu_viet_tay\Experiments\Clustering\Clustering_2\data\lowif\lowif1\40e9c6542f21c8a964fcca89163f6827.jpg 0.793377 0.794061 0.784756 0.768199 0.759579 0.734401 0.709907 0.685413 0.660235 0.556787 0.513684 0.485085 0.483716 0.490969 0.522715 0.530651 0.538588 0.555145 0.572386 0.908593 0.891352 0.857553 0.806513 0.789956 0.781336 0.780651 0.779967 0.779967 0.787904 0.667214 0.48618 0.469622 0.461002 0.461002 0.461686 0.453749 0.43856 0.422687 0.0979748 0.0979748 0.114532 0.392994 0.440613 0.504789 0.529283 0.537904 0.537904 0.181445
D:\Thesis\Chu_viet_tay\Experiments\Clustering\Clustering_2\data\lowif\lowif1\49bd0a579d78dcad7c86360cc8f324e8.jpg 0.74439 0.74439 0.74439 0.735769 0.719212 0.694034 0.677477 0.66092 0.644362 0.619184 0.601943 0.532293 0.528188 0.52682 0.526136 0.500274 0.49959 0.490969 0.482348 0.474412 0.467159 0.459223 0.45197 0.461275 0.707854 0.715107 0.714423 0.713738 0.721675 0.721675 0.713054 0.713054 0.713054 0.713054 0.678571 0.437876 0.421319 0.413383 0.405446 0.390257 0.374384 0.0734811 0.0814176 0.0979748 0.0979748 0.424056 0.464423 0.48098 0.4896 0.748905
D:\Thesis\Chu_viet_tay\Experiments\Clustering\Clustering_2\data\lowif\lowif1\4ad52b3ed953797d059e18a4ecfcc879.jpg 0.976178 0.976563 0.967982 0.959785 0.943776 0.91957 0.90356 0.887551 0.863345 0.699795 0.682633 0.697874 0.713499 0.704918 0.688525 0.680328 0.680328 0.680328 0.672515 0.6729 0.698258 0.689677 0.697874 0.697874 0.756404 0.814933 0.814165 0.805584 0.821209 0.829022 0.820825 0.820441 0.820441 0.770876 0.754867 0.665087 0.649078 0.485528 0.414831 0.414831 0.250768 0.227331 0.383581 0.46209 0.477715 0.485912 0.478099 0.314421 0.103484 0.103484 0.11168
D:\Thesis\Chu_viet_tay\Experiments\Clustering\Clustering_2\data\lowif\lowif1\4ecf5ba4d3af43b50d58064e115a67a2.jpg 0.784068 0.784068 0.775871 0.767674 0.751665 0.735656 0.71145 0.695441 0.671235 0.548668 0.507684 0.498335 0.505763 0.505379 0.480789 0.464395 0.464395 0.448386 0.440574 0.432761 0.433145 0.222208 0.21478 0.679431 0.678663 0.694288 0.7021 0.767674 0.775871 0.784068 0.784068 0.775871 0.644723 0.628714 0.44877 0.424949 0.424949 0.417136 0.401511 0.347208 0.230405 0.148822 0.0394467 0.0394467 0.0472592 0.0554559 0.0632684 0.0714652 0.407787 0.431609 0.431609 0.431993 0.119493 0.135502 0.143699 0.143699
D:\Thesis\Chu_viet_tay\Experiments\Clustering\Clustering_2\data\lowif\lowif1\5076e26fd5db3aa8803cff56f71f2e92.jpg 0.703637 0.711834 0.695441 0.679431 0.65561 0.631404 0.419057 0.403048 0.394851 0.425717 0.441342 0.457351 0.465548 0.481942 0.727843 0.719647 0.703637 0.695825 0.6802 0.639985 0.591573 0.566598 0.344518 0.360143 0.359759 0.367572 0.375384 0.383581 0.383581 0.375768 0.36834 0.0714652 0.0874744 0.0874744 0.0956711 0.0956711 0.0956711 0.291368 0.526767 0.59708 0.613089 0.62167
D:\Thesis\Chu_viet_tay\Experiments\Clustering\Clustering_2\data\lowif\lowif1\60aa2fbc37552386a1f04de16009f777.jpg 0.947368 0.946336 0.936532 0.917957 0.908153 0.871001 0.871001 0.734778 0.647575 0.637771 0.636739 0.663055 0.680599 0.689371 0.707946 0.71775 0.972652 0.954076 0.935501 0.917957 0.890609 0.869969 0.857069 0.874613 0.873581 0.735294 0.519608 0.509804 0.509804 0.509804 0.510836 0.502064 0.503096 0.47678 0.46904 0.109391 0.119195 0.127967 0.137771 0.137771 0.147575 0.147575 0.74871 0.862745 0.882353 0.892157
D:\Thesis\Chu_viet_tay\Experiments\Clustering\Clustering_2\data\lowif\lowif1\61274492ccbe7848c203dce050f1b8db.jpg 0.924811 0.926229 0.915195 0.90558 0.886349 0.86034 0.834332 0.81652 0.798707 0.627049 0.607818 0.635246 0.738178 0.772383 0.625315 0.623897 0.632093 0.632093 0.632093 0.623897 0.618537 0.450662 0.640605 0.854666 0.853247 0.877837 0.876419 0.875 0.875 0.865385 0.528846 0.519231 0.519231 0.519231 0.511034 0.502837 0.486444 0.479666 0.471469 0.0780265 0.0876419 0.0876419 0.0876419 0.0972573 0.106873 0.754887 0.786255 0.836854 0.854666 0.893127 0.931589
D:\Thesis\Chu_viet_tay\Experiments\Clustering\Clustering_2\data\lowif\lowif1\650f6a6b6645a955afaa57ea0d3f1972.jpg 0.853562 0.853562 0.843947 0.834332 0.826135 0.808323 0.798707 0.780895 0.753468 0.735656 0.592844 0.517339 0.507724 0.514502 0.530895 0.547289 0.565101 0.581494 0.59111 0.608922 0.868537 0.850725 0.84111 0.823298 0.778058 0.75063 0.739596 0.746374 0.736759 0.73534 0.743537 0.743537 0.742119 0.453657 0.453657 0.444042 0.453657 0.44546 0.427648 0.429067 0.42087 0.405895 0.374527 0.0958386 0.0876419 0.0958386 0.36838 0.632724 0.649117 0.706494 0.706494 0.725725 0.812264
D:\Thesis\Chu_viet_tay\Experiments\Clustering\Clustering_2\data\lowif\lowif1\65689a99c6021ae82b85b5e7bdabc129.jpg 0.703972 0.800126 0.607818 0.60104 0.649117 0.504887 0.52128 0.528058 0.544451 0.562264 0.562264 0.573298 0.574716 0.81652 0.798707 0.81652 0.753468 0.690416 0.70681 0.715006 0.779477 0.565101 0.563682 0.562264 0.446879 0.437264 0.437264 0.437264 0.437264 0.429067 0.42087 0.404477 0.338903 0.0520177 0.0520177 0.0602144 0.0602144 0.0698298 0.389502 0.405895 0.422289 0.430485 0.448298 0.46611 0.869956 0.879571 0.869956 0.861759
D:\Thesis\Chu_viet_tay\Experiments\Clustering\Clustering_2\data\lowif\lowif1\6775ee1888af6e0fc13a0cea029dae1a.jpg 0.879571 0.88099 0.869956 0.86034 0.842528 0.824716 0.798707 0.77128 0.753468 0.735656 0.554382 0.470681 0.441835 0.432219 0.45681 0.463588 0.471784 0.497793 0.514187 0.531999 0.541614 0.57046 0.878153 0.868537 0.84111 0.805485 0.735656 0.708228 0.389502 0.39628 0.404477 0.42087 0.429067 0.437264 0.437264 0.455076 0.455076 0.464691 0.464691 0.464691 0.456494 0.456494 0.449716 0.113651 0.123266 0.123266 0.132881 0.648014 0.679382 0.736759 0.762768 0.801229 0.858922
D:\Thesis\Chu_viet_tay\Experiments\Clustering\Clustering_2\data\lowif\lowif1\6a22ca7db062f4c2116937ebfeba98a4.jpg 0.914894 0.912711 0.88707 0.840153 0.637207 0.547463 0.534643 0.553737 0.575014 0.606929 0.630387 0.630387 0.643208 0.668849 0.683852 0.968085 0.933988 0.863612 0.827332 0.82515 0.854883 0.863339 0.873977 0.861157 0.717949 0.705128 0.525641 0.525641 0.525641 0.515003 0.502182 0.504364 0.397981 0.40862 0.0788325 0.0894708 0.102291 0.102291 0.508729 0.758592 0.897436 0.897436 0.910256
D:\Thesis\Chu_viet_tay\Experiments\Clustering\Clustering_2\data\lowif\lowif1\6b7ac964bdd5b2f12bfa002e8698d4dd.jpg 0.930288 0.93109 0.919872 0.919872 0.89984 0.879808 0.859776 0.839744 0.819712 0.79968 0.779647 0.749199 0.6875 0.614583 0.581731 0.559295 0.568109 0.576923 0.585737 0.595353 0.604968 0.625 1 0.989583 0.959135 0.939103 0.919872 0.869391 0.786058 0.77484 0.79407 0.501603 0.511218 0.511218 0.511218 0.501603 0.501603 0.491987 0.483173 0.463942 0.426282 0.108974 0.129006 0.129006 0.149038 0.169071 0.169071 0.179487 0.189904 0.189904 0.189904 0.508814 0.827724 0.875 0.875 0.9375 0.989583
D:\Thesis\Chu_viet_tay\Experiments\Clustering\Clustering_2\data\lowif\lowif1\6e0131b650466f276ceefef9f04f7c8f.jpg 0.900641 0.891026 0.890224 0.879808 0.859776 0.838942 0.798878 0.778846 0.738782 0.698718 0.512019 0.450321 0.419872 0.429487 0.448718 0.467949 0.477564 0.496795 0.527244 0.849359 0.879808 0.879808 0.858974 0.838942 0.808494 0.76843 0.677083 0.645833 0.654647 0.570513 0.548878 0.433494 0.433494 0.433494 0.423878 0.434295 0.415064 0.396635 0.213942 0.0985577 0.11859 0.129006 0.149038 0.149038 0.160256 0.540865 0.588141 0.665064 0.694712 0.735577 0.798878
D:\Thesis\Chu_viet_tay\Experiments\Clustering\Clustering_2\data\lowif\lowif1\6e110f8737968c07df13d06488ae150b.jpg 0.760417 0.760417 0.760417 0.75 0.729968 0.719551 0.709936 0.699519 0.678686 0.633013 0.630609 0.598558 0.58734 0.576923 0.545673 0.535256 0.515224 0.504808 0.495192 0.264423 0.254808 0.245994 0.237179 0.499199 0.70593 0.704327 0.703526 0.713141 0.702724 0.701923 0.701923 0.691506 0.566506 0.546474 0.546474 0.453526 0.424679 0.405449 0.203526 0.184295 0.0785256 0.0785256 0.0985577 0.445513 0.464744 0.47516 0.47516
D:\Thesis\Chu_viet_tay\Experiments\Clustering\Clustering_2\data\lowif\lowif1\6e5d0b0888f3ce1bd67da7599be3894d.jpg 0.85016 0.85016 0.839744 0.621795 0.571314 0.550481 0.529647 0.518429 0.527244 0.536859 0.546474 0.55609 0.565705 0.576122 0.596955 0.899038 0.879006 0.81891 0.757212 0.746795 0.44391 0.443109 0.46234 0.46234 0.482372 0.482372 0.482372 0.482372 0.482372 0.482372 0.482372 0.483173 0.463942 0.0889423 0.0889423 0.099359 0.349359 0.397436 0.445513 0.483974 0.504006 0.867788 0.919872
D:\Thesis\Chu_viet_tay\Experiments\Clustering\Clustering_2\data\lowif\lowif1\70d5cbdf36c61e83bdd0d4ef35e29e34.jpg 0.954545 0.954545 0.944129 0.944129 0.944129 0.933712 0.923295 0.903788 0.655114 0.626515 0.607008 0.607008 0.614773 0.651136 0.669318 0.6875 0.6875 0.6875 0.697917 0.708333 0.990909 0.971402 0.942803 0.923295 0.894697 0.866098 0.834848 0.782765 0.799621 0.817803 0.816477 0.502652 0.492235 0.492235 0.492235 0.492235 0.493561 0.48447 0.485795 0.240341 0.114394 0.124811 0.124811 0.144318 0.154735 0.163826 0.174242 0.175568 0.711364 0.755492 0.781439 0.819129 0.889394 0.940152 0.971402
D:\Thesis\Chu_viet_tay\Experiments\Clustering\Clustering_2\data\lowif\lowif1\71c6a9b8ccbb60dde5e1a5d7a2c0fc89.jpg 0.935038 0.936364 0.924621 0.914205 0.903788 0.653788 0.541856 0.513258 0.504167 0.504167 0.504167 0.532765 0.543182 0.552273 0.583523 0.625189 0.875189 0.854356 0.834848 0.804924 0.733333 0.43125 0.439015 0.448106 0.457197 0.466288 0.466288 0.466288 0.457197 0.457197 0.448106 0.439015 0.394886 0.387121 0.417424 0.406818 0.412121 0.542235 0.663258 0.678788 0.722917 0.75928 0.800947 0.85303
D:\Thesis\Chu_viet_tay\Experiments\Clustering\Clustering_2\data\lowif\lowif1\73aab3d3495b82815a8646ba77d88c9e.jpg 0.972727 0.963636 0.962727 0.942727 0.914545 0.895455 0.876364 0.847273 0.809091 0.729091 0.678182 0.655455 0.653636 0.652727 0.661818 0.651818 0.661818 0.662727 0.663636 0.684545 0.876364 0.828182 0.798182 0.768182 0.675455 0.474545 0.483636 0.483636 0.492727 0.501818 0.511818 0.502727 0.502727 0.503636 0.495455 0.131818 0.141818 0.160909 0.170909 0.170909 0.170909 0.170909 0.446364 0.702727 0.748182 0.784545 0.834545 0.854545
D:\Thesis\Chu_viet_tay\Experiments\Clustering\Clustering_2\data\lowif\lowif1\7630da8a958224dfd66d729aebbb45e6.jpg 0.877273 0.877273 0.867273 0.867273 0.848182 0.829091 0.819091 0.8 0.780909 0.601818 0.542727 0.522727 0.531818 0.568182 0.586364 0.604545 0.613636 0.633636 0.933636 0.914545 0.895455 0.876364 0.858182 0.791818 0.78 0.786364 0.776364 0.804545 0.663636 0.653636 0.483636 0.483636 0.483636 0.483636 0.483636 0.474545 0.475455 0.457273 0.448182 0.420909 0.103636 0.113636 0.114545 0.123636 0.123636 0.123636 0.123636 0.444545 0.756364 0.773636 0.783636 0.863636
D:\Thesis\Chu_viet_tay\Experiments\Clustering\Clustering_2\data\lowif\lowif1\769244f367a1787674d65944d5bd0849.jpg 0.923636 0.924545 0.913636 0.894545 0.856364 0.608182 0.598182 0.588182 0.587273 0.605455 0.633636 0.652727 0.701818 0.721818 0.961818 0.951818 0.922727 0.884545 0.826364 0.806364 0.815455 0.824546 0.483636 0.492727 0.501818 0.501818 0.492727 0.492727 0.483636 0.484545 0.475455 0.267273 0.24 0.113636 0.132727 0.141818 0.142727 0.152727 0.446364 0.73 0.747273 0.766364 0.787273
D:\Thesis\Chu_viet_tay\Experiments\Clustering\Clustering_2\data\lowif\lowif1\789ab72bb361638b1a212875c8de8fc7.jpg 0.877273 0.877273 0.867273 0.857273 0.847273 0.828182 0.809091 0.78 0.590909 0.552727 0.502727 0.482727 0.490909 0.499091 0.517273 0.536364 0.554545 0.563636 0.563636 0.573636 0.923636 0.904545 0.895455 0.877273 0.0754545 0.0845455 0.438182 0.456364 0.474545 0.492727 0.492727 0.502727 0.511818 0.511818 0.511818 0.511818 0.511818 0.502727 0.484545 0.466364 0.0754545 0.339091 0.367273 0.403636 0.721818 0.796364 0.844545 0.873636 0.893636
D:\Thesis\Chu_viet_tay\Experiments\Clustering\Clustering_2\data\lowif\lowif1\7f8bb286b09ef8f6adcb26fccfb883a3.jpg 0.871053 0.881053 0.861053 0.692281 0.662281 0.632281 0.631053 0.65614 0.691228 0.71 0.71 0.73 0.74 0.521228 0.484912 0.423509 0.432281 0.441053 0.47614 0.503684 0.521228 0.53 0.54 0.54 0.55 0.55 0.551228 0.542456 0.534912 0.464737 0.474737 0.158947 0.158947 0.158947 0.44807 0.737193 0.788597 0.81614 0.844912 0.91614
D:\Thesis\Chu_viet_tay\Experiments\Clustering\Clustering_2\data\lowif\lowif1\8126812335f037d9396d1f716ad1ff45.jpg 0.843509 0.844737 0.833509 0.823509 0.804737 0.775965 0.538421 0.518421 0.508421 0.507193 0.533509 0.551053 0.568596 0.578596 0.618596 0.908597 0.888596 0.869825 0.852281 0.833509 0.794737 0.767193 0.755965 0.733509 0.732281 0.441053 0.449825 0.458596 0.458596 0.458596 0.458596 0.449825 0.441053 0.441053 0.423509 0.407193 0.389649 0.0826316 0.101404 0.101404 0.101404 0.120175 0.130175 0.419649 0.722281 0.731053 0.741053 0.812281
D:\Thesis\Chu_viet_tay\Experiments\Clustering\Clustering_2\data\lowif\lowif1\87dfe9dc1611d11b63feb613d8f74250.jpg 0.932692 0.931197 0.920085 0.899359 0.888248 0.867521 0.846795 0.835684 0.814957 0.78312 0.562393 0.570513 0.578632 0.586752 0.605983 0.605983 0.605983 0.617094 0.61859 0.642308 0.888248 0.846795 0.824573 0.820085 0.839316 0.858547 0.69188 0.690385 0.688889 0.677778 0.666667 0.666667 0.666667 0.657051 0.657051 0.49188 0.471154 0.451923 0.442308 0.394231 0.0495727 0.059188 0.0799145 0.0910256 0.111752 0.122863 0.132479 0.51859 0.782265 0.79188 0.79188 0.687607 0.566239 0.444872 0.44188 0.451496 0.451496 0.452991
D:\Thesis\Chu_viet_tay\Experiments\Clustering\Clustering_2\data\lowif\lowif1\8f64773410ec87bb28921a653786f496.jpg 0.950427 0.951923 0.939316 0.774145 0.677137 0.645299 0.643803 0.661538 0.680769 0.690385 0.7 0.7 0.711111 0.802991 0.971154 0.929701 0.866026 0.842308 0.840812 0.848932 0.714103 0.702991 0.690385 0.522222 0.511111 0.511111 0.511111 0.522222 0.533333 0.523718 0.505983 0.486752 0.478632 0.153205 0.164316 0.185043 0.185043 0.516667 0.837179 0.826709 0.836325 0.84594 0.925214
D:\Thesis\Chu_viet_tay\Experiments\Clustering\Clustering_2\data\lowif\lowif1\924ceacf2b97a34a6126e335bfb3c1bb.jpg 0.907071 0.89798 0.89596 0.884848 0.79798 0.720202 0.707071 0.69697 0.672727 0.679798 0.668687 0.677778 0.666667 0.657576 0.659596 0.650505 0.453535 0.89798 0.864646 0.851515 0.885859 0.892929 0.90202 0.9 0.888889 0.877778 0.877778 0.877778 0.877778 0.524242 0.50404 0.485859 0.456566 0.411111 0.256566 0.247475 0.240404 0.0767677 0.0767677 0.0878788 0.0878788 0.0878788 0.0969697 0.517172 0.517172 0.528283 0.510101 0.139394 0.148485 0.159596 0.179798
D:\Thesis\Chu_viet_tay\Experiments\Clustering\Clustering_2\data\lowif\lowif1\9362882cfaaa830f59b0addd8f551c65.jpg 0.823913 0.825692 0.813043 0.793083 0.57747 0.504941 0.474111 0.463241 0.479644 0.506917 0.53419 0.55415 0.574111 0.954545 0.954545 0.943676 0.923715 0.894664 0.4417 0.43083 0.438142 0.456324 0.465415 0.476285 0.485375 0.496245 0.496245 0.496245 0.496245 0.498024 0.488933 0.490711 0.47253 0.447036 0.139723 0.30336 0.221541 0.266996 0.248814 0.5083 0.756917 0.793281 0.793281 0.847628
D:\Thesis\Chu_viet_tay\Experiments\Clustering\Clustering_2\data\lowif\lowif1\94b2e26799364723206e0fba65d3728b.jpg 0.959184 0.94782 0.94782 0.936456 0.914889 0.881957 0.86039 0.849026 0.827458 0.805891 0.772959 0.592301 0.55821 0.584184 0.592069 0.590909 0.590909 0.590909 0.590909 0.602273 0.593228 0.925093 0.904685 0.883117 0.839981 0.760436 0.747913 0.756957 0.777365 0.776206 0.775046 0.763683 0.62616 0.614796 0.50116 0.490955 0.480751 0.470547 0.471707 0.441095 0.442254 0.421846 0.0953154 0.116883 0.116883 0.138451 0.138451 0.13961 0.13961 0.777365 0.776206 0.706865 0.706865
D:\Thesis\Chu_viet_tay\Experiments\Clustering\Clustering_2\data\lowif\lowif1\9591abf47f22d2fc3011b6fb6d31239e.jpg 0.855751 0.846979 0.846491 0.82846 0.80117 0.792398 0.774366 0.589669 0.535088 0.50731 0.497563 0.514133 0.531676 0.557505 0.565789 0.574561 0.592593 0.601852 0.611111 1 0.981481 0.96345 0.936647 0.900585 0.882554 0.845517 0.844542 0.852826 0.796784 0.537037 0.527778 0.518519 0.518519 0.518519 0.509747 0.483431 0.448343 0.387427 0.273392 0.247076 0.0984405 0.0984405 0.1077 0.116472 0.116959 0.125731 0.125731 0.396199 0.657407 0.70078 0.745127 0.807018 0.853314 0.890351
D:\Thesis\Chu_viet_tay\Experiments\Clustering\Clustering_2\data\lowif\lowif1\979ed216a27c354f9b843f2d3091b32e.jpg 0.792885 0.792885 0.783626 0.774366 0.756335 0.738304 0.711014 0.684211 0.65692 0.638889 0.46345 0.399123 0.381092 0.371832 0.388889 0.406433 0.432749 0.459552 0.468324 0.495614 0.522905 0.819201 0.819201 0.80117 0.783138 0.765107 0.747563 0.72076 0.665692 0.378655 0.395711 0.413255 0.422027 0.430799 0.439571 0.439571 0.457602 0.457602 0.457602 0.466862 0.476121 0.467349 0.709064 0.657895 0.549708 0.566764 0.584308 0.663743 0.699805 0.727583
D:\Thesis\Chu_viet_tay\Experiments\Clustering\Clustering_2\data\lowif\lowif1\9d199aab162833b5ddbaab11daca9282.jpg 0.937135 0.928363 0.927875 0.918616 0.900585 0.864522 0.846491 0.819688 0.792398 0.774366 0.747076 0.701267 0.626706 0.578947 0.596004 0.621832 0.639376 0.648148 0.657407 0.666667 0.694444 0.96345 0.945419 0.936647 0.873782 0.661306 0.651559 0.659357 0.658869 0.658382 0.657895 0.657407 0.657407 0.648636 0.500975 0.492203 0.483431 0.0536062 0.0536062 0.0623782 0.0623782 0.0716374 0.501462 0.519006 0.527778 0.537037 0.519493 0.0984405 0.1077 0.1077 0.1077 0.1077
D:\Thesis\Chu_viet_tay\Experiments\Clustering\Clustering_2\data\lowif\lowif1\a22358ea87840b3722de49c08c6fa8f4.jpg 0.792885 0.793372 0.783626 0.774366 0.756335 0.729045 0.711014 0.684211 0.666179 0.648148 0.620858 0.537524 0.471735 0.479532 0.479045 0.497076 0.505848 0.801657 0.801657 0.792398 0.783626 0.765107 0.654971 0.645711 0.636452 0.645224 0.404483 0.413255 0.403996 0.403996 0.395224 0.395224 0.404483 0.395711 0.360624 0.0711501 0.0711501 0.0804094 0.0891813 0.0984405 0.0984405 0.353314 0.405945 0.680799 0.717836 0.764133
D:\Thesis\Chu_viet_tay\Experiments\Clustering\Clustering_2\data\lowif\lowif1\a50bd06e157e1cf0ea8a623ed61abe92.jpg 0.937135 0.928363 0.927875 0.909357 0.900097 0.882066 0.855263 0.837232 0.82846 0.810429 0.64425 0.625731 0.560916 0.569201 0.577485 0.58577 0.594055 0.602827 0.602827 0.602827 0.612086 0.640838 0.891326 0.836745 0.783138 0.764133 0.789961 0.798246 0.807018 0.80653 0.510234 0.500975 0.500975 0.500975 0.500975 0.491715 0.491715 0.482943 0.483431 0.466374 0.413743 0.0804094 0.0896686 0.0896686 0.0896686 0.108187 0.431774 0.737329 0.754386 0.789474 0.881092 0.900097
D:\Thesis\Chu_viet_tay\Experiments\Clustering\Clustering_2\data\lowif\lowif1\b55695f60acd08c2dcc76b0dc0be1137.jpg 0.883041 0.883041 0.873782 0.864522 0.855263 0.846491 0.82846 0.810429 0.792398 0.765107 0.729045 0.711014 0.656433 0.573587 0.444444 0.443957 0.487329 0.504873 0.522417 0.522417 0.531189 0.540448 0.540936 0.82846 0.810429 0.783138 0.773392 0.745127 0.753411 0.752924 0.743665 0.734405 0.475146 0.465887 0.465887 0.457115 0.457115 0.448343 0.430799 0.431287 0.413743 0.396199 0.0984405 0.388402 0.423977 0.73538 0.789961 0.827485
D:\Thesis\Chu_viet_tay\Experiments\Clustering\Clustering_2\data\lowif\lowif1\b5bca15e9ce5264b3eaad65d9d86a854.jpg 0.892992 0.870265 0.847538 0.825758 0.792614 0.770833 0.749053 0.523674 0.433712 0.432765 0.452652 0.472538 0.493371 0.515152 0.535985 0.557765 0.579545 0.602273 1 0.966856 0.945076 0.923295 0.845644 0.801136 0.800189 0.809659 0.830492 0.681818 0.534091 0.522727 0.522727 0.511364 0.511364 0.511364 0.512311 0.481061 0.0748106 0.0748106 0.0965909 0.0965909 0.118371 0.118371 0.421402 0.452652 0.494318 0.526515 0.877841 0.901515
D:\Thesis\Chu_viet_tay\Experiments\Clustering\Clustering_2\data\lowif\lowif1\b953a6eb7dfe37f6c0f99d7547b66947.jpg 0.979167 0.979167 0.968056 0.956944 0.945833 0.924306 0.902778 0.859028 0.8375 0.804861 0.539583 0.506944 0.50625 0.494444 0.470833 0.470139 0.480556 0.480556 0.491667 0.48125 0.481944 0.815972 0.782639 0.771528 0.770139 0.769444 0.747222 0.613194 0.602083 0.601389 0.590972 0.590972 0.580556 0.48125 0.397222 0.376389 0.0743056 0.0743056 0.0847222 0.10625 0.117361 0.127778 0.368056 0.504167 0.514583 0.514583 0.504861 0.375694 0.386111
D:\Thesis\Chu_viet_tay\Experiments\Clustering\Clustering_2\data\lowif\lowif1\bc37384ec9251a91afa8a97da465d1cf.jpg 0.433528 0.434783 0.425167 0.44189 0.593227 0.582358 0.561873 0.531773 0.520903 0.529264 0.548495 0.547241 0.567726 0.567726 0.577341 0.588211 0.589465 0.980769 0.971154 0.961538 0.971154 0.693562 0.406355 0.444816 0.464047 0.483278 0.503763 0.492893 0.502508 0.502508 0.513378 0.513378 0.513378 0.503763 0.514632 0.495401 0.670569 0.825251 0.77801 0.786371 0.804348 0.804348 0.98913 0.968645 0.939799 0.95903
D:\Thesis\Chu_viet_tay\Experiments\Clustering\Clustering_2\data\lowif\lowif1\bc68590f61eed2cff5f8fa41bd39c697.jpg 0.715719 0.715719 0.704849 0.69398 0.673495 0.65301 0.447742 0.415134 0.41388 0.431856 0.470318 0.489549 0.499164 0.499164 0.500418 0.501672 0.513796 0.797659 0.66597 0.742057 0.680602 0.619147 0.627508 0.645485 0.653846 0.663462 0.444816 0.443562 0.443562 0.443562 0.444816 0.444816 0.435201 0.426839 0.235786 0.226171 0.110786 0.121656 0.132525 0.143395 0.143395 0.396321 0.638378 0.683946 0.693562 0.715301
D:\Thesis\Chu_viet_tay\Experiments\Clustering\Clustering_2\data\lowif\lowif1\c18992fd9e54493a86ae800da784cd3a.jpg 0.582358 0.582358 0.572742 0.571488 0.561873 0.552258 0.553512 0.543896 0.524666 0.51505 0.493311 0.492057 0.500418 0.519649 0.701923 0.503763 0.502508 0.512124 0.521739 0.521739 0.512124 0.513378 0.854097 0.833612 0.821488 0.829849 0.676421 0.675167 0.673913 0.673913 0.608696 0.608696 0.619565 0.619565 0.60995 0.590719 0.552258 0.244565 0.244565 0.456104 0.48495 0.571488 0.601589 0.873328 0.919314
D:\Thesis\Chu_viet_tay\Experiments\Clustering\Clustering_2\data\lowif\lowif1\c4f058af7e87840be5800138dcb3dc53.jpg 0.777174 0.777174 0.766304 0.755435 0.73495 0.72408 0.573161 0.509197 0.497074 0.535535 0.564381 0.593227 0.602843 0.602843 0.613712 0.647575 0.88796 0.857859 0.827759 0.797659 0.744565 0.752926 0.761288 0.791388 0.875836 0.494147 0.492893 0.492893 0.492893 0.492893 0.492893 0.492893 0.492893 0.492893 0.483278 0.484532 0.455686 0.426839 0.101171 0.11204 0.633779 0.690217 0.727425 0.74791 0.822742
D:\Thesis\Chu_viet_tay\Experiments\Clustering\Clustering_2\data\lowif\lowif1\c5cb1fb00781fba94dd2e70d2a620410.jpg 0.868729 0.859114 0.857859 0.837375 0.81689 0.807274 0.796405 0.77592 0.745819 0.72408 0.48495 0.471572 0.479933 0.478679 0.488294 0.49791 0.49791 0.488294 0.499164 0.512542 0.785535 0.76505 0.763796 0.761288 0.770903 0.628344 0.617475 0.519649 0.508779 0.488294 0.488294 0.478679 0.469064 0.471572 0.68311 0.582776 0.576923 0.561455 0.627508 0.656355 0.41597 0.395485 0.222408 0.222408 0.233278 0.0794314 0.0794314 0.090301 0.090301 0.110786 0.110786 0.110786 0.121656
D:\Thesis\Chu_viet_tay\Experiments\Clustering\Clustering_2\data\lowif\lowif1\c8cf827eb3636f6f89aa7675f725bae0.jpg 0.95283 0.95283 0.95283 0.941961 0.921657 0.921657 0.901354 0.88105 0.87018 0.860747 0.840443 0.820139 0.799836 0.551272 0.576702 0.613002 0.622436 0.621001 0.621001 0.63187 0.63187 0.655045 0.960829 0.940525 0.920222 0.890484 0.859311 0.826702 0.853568 0.861567 0.740566 0.728261 0.521739 0.521739 0.521739 0.521739 0.521739 0.523175 0.504307 0.505742 0.477441 0.469442 0.450574 0.139253 0.150123 0.150123 0.160993 0.171862 0.390279 0.730312 0.769483 0.799221 0.82096 0.918786
D:\Thesis\Chu_viet_tay\Experiments\Clustering\Clustering_2\data\lowif\lowif1\ccc19fb003ad819fbc2d93986b7728c4.jpg 0.942192 0.932758 0.931554 0.920915 0.900843 0.870132 0.85006 0.81935 0.587716 0.567644 0.55821 0.595945 0.624247 0.653754 0.682055 0.71397 0.990566 0.990566 0.979928 0.950422 0.910277 0.860699 0.829988 0.799277 0.798073 0.806303 0.464673 0.483541 0.483541 0.482336 0.482336 0.492975 0.492975 0.492975 0.483541 0.494179 0.475311 0.467081 0.449418 0.128663 0.139301 0.139301 0.139301 0.139301 0.400241 0.650542 0.697712 0.75552 0.79446 0.855881 0.887796 0.920915
D:\Thesis\Chu_viet_tay\Experiments\Clustering\Clustering_2\data\lowif\lowif1\ceeadc89bcc442b3cc276ef028046e8d.jpg 0.970928 0.971698 0.960724 0.95052 0.920678 0.891606 0.698498 0.669426 0.608972 0.57913 0.588564 0.597228 0.625529 0.644397 0.664035 0.694648 0.970158 0.95052 0.911244 0.881402 0.820947 0.820177 0.50231 0.50154 0.50077 0.510204 0.510204 0.510204 0.520408 0.520408 0.520408 0.520408 0.50231 0.106854 0.106854 0.117058 0.117058 0.127262 0.765884 0.780901 0.789565 0.799769 0.860994
D:\Thesis\Chu_viet_tay\Experiments\Clustering\Clustering_2\data\lowif\lowif1\cf8630e0ba5c4c6eec9e308ece97d2f2.jpg 0.80439 0.814594 0.794186 0.774548 0.75491 0.735271 0.592414 0.542164 0.510782 0.538313 0.557181 0.565845 0.565845 0.565845 0.576049 0.882172 0.871968 0.85233 0.823258 0.80362 0.692145 0.681941 0.436273 0.435502 0.434732 0.444936 0.444936 0.444936 0.435502 0.426069 0.379669 0.379669 0.106854 0.106854 0.117058 0.117058 0.466885 0.486523 0.700809
D:\Thesis\Chu_viet_tay\Experiments\Clustering\Clustering_2\data\lowif\lowif1\d36406009f62dcda18eb146bd0b5b4de.jpg 0.879274 0.879274 0.870503 0.861731 0.853256 0.844484 0.827238 0.809991 0.801219 0.783973 0.766726 0.74948 0.714987 0.574338 0.599167 0.641243 0.640946 0.64942 0.64942 0.64942 0.649718 0.64154 0.65061 0.650312 0.773417 0.879274 0.869908 0.869313 0.87749 0.894737 0.982456 1 1 0.859649 0.859649 0.684211 0.526316 0.517544 0.509069 0.500595 0.49212 0.466696 0.450045 0.416146 0.0771632 0.0771632 0.0944097 0.103182 0.103182 0.103182 0.472941 0.834225 0.833928 0.833928 0.842997
D:\Thesis\Chu_viet_tay\Experiments\Clustering\Clustering_2\data\lowif\lowif1\d42027f95a4f46695c27030f92208f8c.jpg 0.731341 0.793042 0.661166 0.643622 0.626078 0.625781 0.642432 0.659382 0.685103 0.693577 0.702052 0.710824 0.956438 0.939191 0.921945 0.904698 0.870205 0.835712 0.818168 0.800327 0.475171 0.49212 0.49212 0.500595 0.509069 0.509069 0.517841 0.517841 0.526613 0.526613 0.535385 0.52691 0.509961 0.510259 0.502081 0.137972 0.324413 0.53256 0.723461 0.765537 0.79096 0.825156 0.886262 0.947666
D:\Thesis\Chu_viet_tay\Experiments\Clustering\Clustering_2\data\lowif\lowif1\d8527ef2ea1b770c406dbc73b0b6103b.jpg 0.844781 0.845079 0.83601 0.827238 0.801219 0.783973 0.574041 0.556795 0.478442 0.461195 0.461195 0.46967 0.512043 0.528992 0.546238 0.572257 0.835415 0.818168 0.800922 0.775201 0.749777 0.680791 0.680196 0.705323 0.713797 0.581624 0.458222 0.457924 0.457924 0.457924 0.466696 0.466696 0.466696 0.466696 0.466994 0.450045 0.441867 0.407969 0.416741 0.120428 0.120428 0.137972 0.1292 0.344633 0.551591 0.610913 0.66176 0.696253 0.705025 0.758252
D:\Thesis\Chu_viet_tay\Experiments\Clustering\Clustering_2\data\lowif\lowif1\dddd67d11a1c3593a04001e0058e384b.jpg 0.94898 0.913134 0.90293 0.869702 0.628728 0.554422 0.538985 0.546573 0.566981 0.577185 0.587389 0.597593 0.610413 0.623234 0.484825 0.4618 0.451596 0.438776 0.44898 0.469388 0.492412 0.492412 0.502616 0.502616 0.512821 0.502616 0.515437 0.505233 0.492412 0.505233 0.495029 0.416013 0.416013 0.0894819 0.102302 0.102302 0.102302 0.102302 0.102302 0.102302 0.102302 0.40921 0.703297 0.772109 0.810309 0.884615 0.964155 0.935897 0.961538 0.948718
D:\Thesis\Chu_viet_tay\Experiments\Clustering\Clustering_2\data\lowif\lowif1\e155911e2d06645b8f119021180e1e27.jpg 0.928392 0.938596 0.918188 0.907984 0.889008 0.851056 0.83208 0.794128 0.693519 0.550662 0.539026 0.565342 0.572682 0.581454 0.609202 0.628178 0.638382 0.668994 0.925528 0.906552 0.886144 0.873076 0.870211 0.868779 0.704082 0.683674 0.683674 0.673469 0.520408 0.501432 0.49266 0.48532 0.467777 0.469209 0.451665 0.233799 0.110992 0.121196 0.140172 0.150376 0.159148 0.458826 0.537773 0.811851 0.822055
D:\Thesis\Chu_viet_tay\Experiments\Clustering\Clustering_2\data\lowif\lowif1\ec875eb96f3077474addd88dbb3254f9.jpg 0.918188 0.919621 0.907984 0.878804 0.849624 0.689223 0.598818 0.560866 0.569638 0.576978 0.603294 0.639814 0.65879 0.699606 0.964912 0.964912 0.954708 0.935732 0.918188 0.900644 0.785356 0.442893 0.450233 0.467777 0.476548 0.48532 0.48532 0.48532 0.48532 0.495525 0.495525 0.496957 0.488185 0.479413 0.445757 0.455961 0.420874 0.438417 0.429646 0.438417 0.438417 0.438417 0.601683 0.764948 0.740243 0.766559 0.823487 0.90512 0.935732
D:\Thesis\Chu_viet_tay\Experiments\Clustering\Clustering_2\data\lowif\lowif1\f1d663537526a70cead05d0bcf43624d.jpg 0.909185 0.910217 0.899381 0.889577 0.889577 0.871001 0.852425 0.833849 0.815274 0.778122 0.759546 0.731166 0.594943 0.537152 0.544892 0.522188 0.529928 0.537668 0.545408 0.55418 0.572755 0.581527 0.591331 0.620743 0.973684 0.96388 0.935501 0.916925 0.820949 0.772962 0.754386 0.744582 0.734778 0.635707 0.625903 0.439628 0.439628 0.439628 0.430857 0.431889 0.432921 0.0908153 0.109391 0.127967 0.127967 0.146543 0.156347 0.184727 0.174923 0.45356 0.723426 0.791538 0.80031 0.828689
D:\Thesis\Chu_viet_tay\Experiments\Clustering\Clustering_2\data\lowif\lowif1\f224519a318928e9eda2145fbc6a1124.jpg 0.79773 0.798762 0.787926 0.778122 0.749742 0.721362 0.702786 0.489164 0.45098 0.433437 0.385449 0.365841 0.382353 0.426213 0.443756 0.4613 0.479876 0.479876 0.48968 0.862229 0.843653 0.833849 0.806502 0.760578 0.671311 0.424149 0.423117 0.431889 0.431889 0.44066 0.44066 0.450464 0.450464 0.441692 0.441692 0.442724 0.522188 0.514448 0.506708 0.627451 0.620743 0.628483 0.629515 0.638287 0.573787 0.509288 0.588235 0.649639 0.686791 0.716202
D:\Thesis\Chu_viet_tay\Experiments\Clustering\Clustering_2\data\lowif\lowif2\03341e424447d00628f61f1b3a4ec4e2.jpg 1 0.964286 0.946429 0.928571 0.844048 0.844048 0.809524 0.775 0.775 0.740476 0.705952 0.688095 0.771429 0.753571 0.770238 0.752381 0.7 0.664286 0.628571 0.57619 0.557143 0.521429 0.502381 0.466667 0.466667 0.466667 0.45 0.45 0.522619 0.504762 0.452381 0.383333 0.366667 0.45 0.466667 0.484524 0.484524 0.485714 0.452381 0.419048 0.386905 0.336905 0.336905
D:\Thesis\Chu_viet_tay\Experiments\Clustering\Clustering_2\data\lowif\lowif2\0338e3ebd40e9bb5033f6a74e32702ec.jpg 0.965078 0.965909 0.964246 0.963415 0.963415 0.905765 0.870843 0.847284 0.847284 0.823725 0.812361 0.800166 0.788803 0.776608 0.753049 0.741685 0.72949 0.705931 0.785477 0.784645 0.77245 0.77245 0.760255 0.74806 0.74806 0.735865 0.711475 0.699279 0.674889 0.650499 0.44429 0.408537 0.384978 0.349224 0.337029 0.28908 0.265521 0.241131 0.467572 0.478936 0.478936 0.490299 0.490299 0.490299 0.478936 0.478936 0.503326 0.516353 0.687916 0.688747 0.677384 0.689579 0.422118 0.39939 0.376663 0.353936 0.342572 0.331208 0.308481 0.308481 0.501663 0.513858 0.513858 0.51469 0.51469 0.503326 0.515521 0.515521 0.516353 0.16408 0.187639 0.187639 0.187639 0.347561 0.358925 0.382483
D:\Thesis\Chu_viet_tay\Experiments\Clustering\Clustering_2\data\lowif\lowif2\033e63198773cb5132669d847194ea4d.jpg 0.862069 0.855501 0.855501 0.81445 0.81445 0.894089 0.870279 0.839901 0.792282 0.768473 0.703613 0.655993 0.608374 0.584565 0.560755 0.554187 0.530378 0.530378 0.530378 0.530378 0.530378 0.513136 0.536946 0.519704 0.770936 0.777504 0.450739 0.547619 0.547619 0.547619 0.571429 0.571429 0.502463 0.450739 0.181445 0.405583 0.405583 0.429392 0.412151
D:\Thesis\Chu_viet_tay\Experiments\Clustering\Clustering_2\data\lowif\lowif2\04e3dc7b7be08b2154211339a6baa2a9.jpg 1 1 0.984375 0.96875 0.953125 0.922794 0.877757 0.847426 0.832721 0.861213 0.860294 0.875 0.859375 0.84375 0.797794 0.766544 0.735294 0.689338 0.658088 0.612132 0.566176 0.579963 0.579044 0.578125 0.578125 0.578125 0.578125 0.578125 0.563419 0.563419 0.564338 0.564338 0.565257 0.722426 0.70864 0.620404 0.605699 0.721507 0.750919 0.500919 0.500919 0.500919 0.486213 0.487132 0.398897 0.326287 0.326287 0.326287 0.341912
D:\Thesis\Chu_viet_tay\Experiments\Clustering\Clustering_2\data\lowif\lowif2\066672f3fb4c3ce1a3b6a5ed77ebcf0f.jpg 1 1 0.990566 0.990566 0.981132 0.953516 0.934991 0.925557 0.916467 0.897942 0.888851 0.879417 0.860892 0.851801 0.842367 0.823842 0.805317 0.796226 0.786792 0.768268 0.749743 0.740652 0.731218 0.78542 0.785077 0.766209 0.746998 0.72813 0.699829 0.671527 0.652659 0.624357 0.605489 0.596055 0.422985 0.40446 0.395369 0.376844 0.558662 0.567753 0.56741 0.576844 0.585935 0.585935 0.595369 0.595369 0.595712 0.605146 0.605489 0.728473 0.719383 0.710292 0.691767 0.682676 0.69211 0.683019 0.391252 0.37307 0.363979 0.363979 0.364322 0.346141 0.473413 0.491938 0.491938 0.492281 0.48319 0.483533 0.474443 0.483877 0.483877 0.38422 0.347856 0.35729 0.366724
D:\Thesis\Chu_viet_tay\Experiments\Clustering\Clustering_2\data\lowif\lowif2\07da85c4a51735fcc991a3c953ba10c1.jpg 0.777702 0.787135 0.768268 0.7494 0.740309 0.721784 0.703602 0.685077 0.675643 0.666552 0.648027 0.629503 0.629503 0.610978 0.683362 0.692453 0.683019 0.683019 0.673585 0.664151 0.664151 0.654717 0.636192 0.617324 0.60789 0.452659 0.415609 0.38765 0.359691 0.550257 0.54048 0.531046 0.512178 0.502744 0.49331 0.483877 0.474443 0.465009 0.455918 0.291938 0.282847 0.273756 0.273756 0.273756 0.264322 0.264322 0.273413 0.291938 0.563808 0.591767 0.601201 0.33705 0.318868 0.291595 0.282504 0.455575 0.653688 0.635163 0.616295 0.541166 0.418868 0.382504 0.355232 0.318868 0.13705 0.0552316 0.0646655 0.237393 0.246484 0.246484 0.246484 0.265009
D:\Thesis\Chu_viet_tay\Experiments\Clustering\Clustering_2\data\lowif\lowif2\0d610be9521fd321d9799a9805c1b87e.jpg 0.583362 0.583362 0.583362 0.583362 0.573928 0.564494 0.55506 0.51801 0.508576 0.499485 0.490395 0.462779 0.490051 0.498799 0.489365 0.470497 0.442196 0.423328 0.385592 0.357633 0.338765 0.310806 0.182847 0.301029 0.31012 0.319211 0.319211 0.319211 0.300686 0.291252 0.282161 0.27307 0.263979 0.245798 0.200686 0.191595 0.191595 0.309777 0.319211 0.319211 0.319211 0.31012 0.319554 0.310463 0.397427 0.305489 0.31458 0.31458 0.324014 0.324014
D:\Thesis\Chu_viet_tay\Experiments\Clustering\Clustering_2\data\lowif\lowif2\0d73a62fd47739c968ebe1a9bb895dcb.jpg 0.919355 0.919355 0.882392 0.946909 0.942204 0.9375 0.916667 0.875 0.854167 0.796371 0.754704 0.713038 0.692204 0.634409 0.613575 0.576613 0.55578 0.534946 0.534946 0.530242 0.530242 0.514113 0.514113 0.497984 0.481855 0.449597 0.449597 0.417339 0.373656 0.833333 0.729167 0.541667 0.525538 0.509409 0.444892 0.412634 0.127016 0.336694 0.336694 0.357527 0.357527 0.56586 0.570565 0.586694
D:\Thesis\Chu_viet_tay\Experiments\Clustering\Clustering_2\data\lowif\lowif2\103a36c9eabf48c3a54c6d3091f24522.jpg 0.966667 0.95 0.913333 0.896667 0.86 0.84 0.823333 0.786667 0.866667 0.883333 0.88 0.84 0.82 0.763333 0.723333 0.683333 0.646667 0.59 0.333333 0.25 0.216667 0.2 0.563333 0.926667 0.903333 0.863333 0.843333 0.823333 0.803333 0.766667 0.75 0.716667 0.383333 0.333333 0.316667 0.316667 0.5 0.52 0.52 0.503333 0.486667 0.44 0.426667 0.16 0.216667 0.236667
D:\Thesis\Chu_viet_tay\Experiments\Clustering\Clustering_2\data\lowif\lowif2\1131a632c3f60ad32e29b8303dd21af3.jpg 0.989796 0.977778 0.977778 0.92585 0.904535 0.88322 0.873016 0.851701 0.84059 0.830386 0.80907 0.787755 0.76644 0.755329 0.846259 0.856463 0.855556 0.844444 0.823129 0.823129 0.812018 0.790703 0.779592 0.747166 0.724943 0.530159 0.497732 0.465306 0.43288 0.400454 0.602721 0.590703 0.589796 0.578685 0.567574 0.556463 0.545352 0.545352 0.535147 0.535147 0.524943 0.524943 0.514739 0.515646 0.505442 0.750794 0.74059 0.730386 0.721088 0.70068 0.670068 0.844444 0.577778 0.577778 0.567574 0.55737 0.568481 0.497052 0.384807 0.374603 0.354195 0.333787 0.313379 0.19093 0.19093 0.202041 0.406122 0.395918 0.395918 0.213152 0.315193
D:\Thesis\Chu_viet_tay\Experiments\Clustering\Clustering_2\data\lowif\lowif2\1de225309b2179187d4a2c88e53032e6.jpg 0.939394 0.905012 0.870629 0.855478 0.821096 0.821096 0.786713 0.873543 0.873543 0.854312 0.854312 0.835082 0.815851 0.79662 0.762238 0.743007 0.708625 0.670163 0.61655 0.578089 0.574009 0.550699 0.531469 0.512238 0.493007 0.493007 0.473776 0.458625 0.458625 0.458625 0.462704 0.447552 0.43648 0.379953 0.629953 0.610723 0.696387 0.557692 0.557692 0.527389 0.512238 0.512238 0.486014 0.152681 0.167832 0.368881 0.368881 0.368881 0.388112 0.58042 0.58042 0.58042
D:\Thesis\Chu_viet_tay\Experiments\Clustering\Clustering_2\data\lowif\lowif2\1e01b759aaada14a1bc7569d1798313e.jpg 0.984848 0.969697 0.967607 0.950366 0.917973 0.870428 0.855277 0.822884 0.790491 0.758098 0.864159 0.862069 0.844828 0.827586 0.810345 0.758621 0.708986 0.674504 0.640021 0.590387 0.557994 0.540752 0.523511 0.521421 0.50418 0.50418 0.489028 0.489028 0.489028 0.491118 0.475967 0.460815 0.687043 0.65674 0.553814 0.553814 0.553814 0.553814 0.538662 0.540752 0.525601 0.512539 0.482236 0.391327 0.376176
D:\Thesis\Chu_viet_tay\Experiments\Clustering\Clustering_2\data\lowif\lowif2\2c2ec19f7321482564fdeafee31f5755.jpg 0.870968 0.831029 0.8149 0.903994 0.920123 0.896313 0.896313 0.872504 0.824885 0.801075 0.737327 0.536098 0.47235 0.408602 0.384793 0.344854 0.321045 0.539171 0.5553 0.5553 0.571429 0.571429 0.571429 0.595238 0.579109 0.602919 0.824885 0.792627 0.776498 0.719662 0.34639 0.52381 0.52381 0.547619 0.571429 0.5553 0.490783 0.498464 0.40169 0.703533 0.703533
D:\Thesis\Chu_viet_tay\Experiments\Clustering\Clustering_2\data\lowif\lowif2\3064bf785aa4bab6e8978570fe7a6dc1.jpg 1 1 0.972953 0.932018 0.904971 0.877924 0.850877 0.837719 0.810673 0.783626 0.756579 0.743421 0.834795 0.820906 0.807018 0.793129 0.793129 0.738304 0.710526 0.669591 0.641813 0.429825 0.402047 0.361111 0.320175 0.293129 0.502924 0.502193 0.501462 0.501462 0.501462 0.501462 0.501462 0.488304 0.489035 0.475877 0.449561 0.673246 0.660088 0.647661 0.342836 0.51462 0.501462 0.501462 0.489035 0.475877 0.423246 0.27924 0.331871 0.331871 0.331871 0.332602 0.135234
D:\Thesis\Chu_viet_tay\Experiments\Clustering\Clustering_2\data\lowif\lowif2\30b4834ff1332924ec9266b33625443a.jpg 0.851608 0.83845 0.837719 0.82383 0.809942 0.782895 0.755848 0.74269 0.715643 0.688596 0.675439 0.66155 0.687135 0.700292 0.699561 0.685673 0.657895 0.630117 0.602339 0.574561 0.547515 0.519737 0.49269 0.464912 0.437865 0.437135 0.437135 0.437135 0.437135 0.437135 0.437135 0.437135 0.437865 0.41155 0.370614 0.330409 0.330409 0.330409 0.422515 0.422515 0.436404 0.436404 0.410088 0.370614 0.225877 0.121345 0.292398 0.305556 0.305556 0.472222
D:\Thesis\Chu_viet_tay\Experiments\Clustering\Clustering_2\data\lowif\lowif2\37a667e6af37a903e37636a786584b33.jpg 0.974576 0.956842 0.939109 0.929849 0.912115 0.902856 0.876648 0.868173 0.859699 0.841965 0.824231 0.805712 0.787979 0.770245 0.752511 0.734777 0.726303 0.708569 0.690835 0.673101 0.816384 0.815599 0.814815 0.797081 0.787822 0.778562 0.760829 0.743095 0.725361 0.698368 0.679849 0.635122 0.413214 0.368487 0.341494 0.314501 0.278249 0.260515 0.242781 0.225047 0.503923 0.503139 0.502354 0.502354 0.493095 0.493095 0.493095 0.493095 0.493095 0.48462 0.48462 0.485405 0.47693 0.468456 0.7285 0.729284 0.619743 0.584275 0.473321 0.464846 0.455587 0.455587 0.28892 0.28892 0.28892 0.29818 0.518519 0.518519 0.527778 0.519303 0.510829 0.510829 0.493879 0.418393 0.401444 0.37602 0.0878845 0.0971438 0.0971438 0.0971438 0.300534 0.495763
D:\Thesis\Chu_viet_tay\Experiments\Clustering\Clustering_2\data\lowif\lowif2\3847aeda6df686db7b45a203ca3ae982.jpg 0.663842 0.655367 0.654583 0.636849 0.61064 0.602166 0.584432 0.566698 0.548964 0.53123 0.521971 0.572819 0.572034 0.562775 0.553515 0.534997 0.498744 0.480226 0.453233 0.324545 0.297552 0.270559 0.396893 0.386849 0.386064 0.376805 0.366761 0.358286 0.349027 0.349027 0.331293 0.331293 0.322819 0.314344 0.29818 0.29049 0.394539 0.403798 0.403798 0.403798 0.386849 0.3699 0.36221 0.336786 0.268989 0.268989 0.268989 0.278249 0.168079
D:\Thesis\Chu_viet_tay\Experiments\Clustering\Clustering_2\data\lowif\lowif2\393088b8299d1b757f9472346d293305.jpg 0.521971 0.522756 0.512712 0.494978 0.478029 0.460295 0.451036 0.442561 0.424827 0.424827 0.407094 0.397834 0.38936 0.439422 0.447897 0.447897 0.438638 0.429379 0.402385 0.383867 0.272128 0.254394 0.235876 0.311362 0.309793 0.291274 0.299749 0.29049 0.29049 0.29049 0.291274 0.420904 0.40317 0.394696 0.386221 0.370057 0.326899 0.420119 0.419335 0.410075 0.400816 0.373823 0.29049 0.272756 0.238858 0.137163 0.137163 0.179535 0.179535 0.188795 0.188795 0.188795 0.198054 0.0794099 0.0794099
D:\Thesis\Chu_viet_tay\Experiments\Clustering\Clustering_2\data\lowif\lowif2\40e8721eb1d10eae451467be594fe701.jpg 0.407094 0.407094 0.397834 0.388575 0.370841 0.353107 0.344633 0.326899 0.309165 0.324545 0.333019 0.333019 0.32376 0.295982 0.286723 0.268205 0.249686 0.231168 0.213434 0.204175 0.186441 0.0847458 0.186441 0.194915 0.194915 0.306026 0.296767 0.223478 0.205744 0.188795 0.18032 0.171846 0.154896 0.137947 0.138732 0.223478 0.223478 0.223478 0.232737 0.251255 0.288293 0.289077 0.177338
D:\Thesis\Chu_viet_tay\Experiments\Clustering\Clustering_2\data\lowif\lowif2\47f061dbf45783dd6485a78a7a77221d.jpg 0.965116 0.939975 0.914833 0.889692 0.864551 0.839409 0.814268 0.895663 0.893777 0.878378 0.851351 0.82621 0.772156 0.733501 0.706474 0.654305 0.588624 0.561597 0.509428 0.482401 0.45726 0.45726 0.492143 0.503771 0.542426 0.542426 0.609994 0.785669 0.772156 0.747014 0.733501 0.721873 0.696732 0.696732 0.685104 0.661848 0.65022 0.626964 0.524199 0.564739 0.553111 0.551226 0.621622 0.608108 0.594595 0.540541 0.540541 0.501886 0.490258 0.47863 0.492143 0.480515 0.468888 0.45726 0.445632 0.271213 0.296355 0.284727 0.284727
D:\Thesis\Chu_viet_tay\Experiments\Clustering\Clustering_2\data\lowif\lowif2\4a2e7fb313fe67b035edc10282785f72.jpg 0.713702 0.713702 0.713702 0.688561 0.675047 0.696417 0.708045 0.694532 0.681018 0.667505 0.640478 0.613451 0.586424 0.559397 0.520742 0.493715 0.491829 0.464802 0.451288 0.451288 0.437775 0.426147 0.414519 0.402891 0.379635 0.35638 0.344752 0.321496 0.43149 0.536141 0.426147 0.412634 0.412634 0.401006 0.401006 0.389378 0.123821 0.137335 0.311754 0.311754 0.311754 0.313639
D:\Thesis\Chu_viet_tay\Experiments\Clustering\Clustering_2\data\lowif\lowif2\51c2ef075444e33f0bcc02a9e01b57dd.jpg 0.989362 1 0.978723 0.968085 0.938085 0.917447 0.896809 0.886809 0.86617 0.85617 0.835532 0.814894 0.794255 0.773617 0.773617 0.752979 0.742979 0.831702 0.841702 0.841064 0.830426 0.809787 0.788511 0.757234 0.595957 0.554681 0.523404 0.502766 0.471489 0.620213 0.629574 0.628936 0.61766 0.607021 0.596383 0.596383 0.607021 0.607021 0.597021 0.597021 0.587021 0.629574 0.58766 0.588298 0.706596 0.707234 0.707872 0.401277 0.370638 0.340638 0.320638 0.321277 0.321277 0.491277 0.491277 0.481277 0.471277 0.441277 0.411915 0.261915 0.232553
D:\Thesis\Chu_viet_tay\Experiments\Clustering\Clustering_2\data\lowif\lowif2\5312e74f8d0614a845cb5cff8f62432f.jpg 0.942857 0.925 0.910714 0.878571 0.846429 0.846429 0.8 0.9 0.896429 0.910714 0.892857 0.892857 0.842857 0.825 0.789286 0.753571 0.721429 0.671429 0.482143 0.617857 0.628571 0.625 0.607143 0.589286 0.589286 0.571429 0.571429 0.575 0.560714 0.521429 0.510714 0.5 0.696429 0.792857 0.735714 0.682143 0.485714 0.485714 0.485714 0.489286 0.475 0.478571 0.45 0.367857 0.367857 0.367857 0.371429 0.357143
D:\Thesis\Chu_viet_tay\Experiments\Clustering\Clustering_2\data\lowif\lowif2\5375f56201b9d44cc5b77d4434c60977.jpg 0.890625 0.869792 0.833333 0.817708 0.796875 0.78125 0.760417 0.916667 0.895833 0.875 0.875 0.854167 0.854167 0.817708 0.776042 0.734375 0.458333 0.421875 0.401042 0.34375 0.322917 0.552083 0.567708 0.567708 0.588542 0.588542 0.609375 0.838542 0.822917 0.822917 0.791667 0.614583 0.651042 0.838542 0.854167 0.854167 0.520833 0.520833 0.505208 0.489583 0.447917 0.416667 0.322917 0.322917 0.34375 0.34375 0.364583
D:\Thesis\Chu_viet_tay\Experiments\Clustering\Clustering_2\data\lowif\lowif2\5524ad069e4f6489a048774a0a17d363.jpg 0.945946 0.959459 0.930321 0.901182 0.887669 0.872044 0.842905 0.813767 0.784628 0.784628 0.75549 0.875 0.875 0.859375 0.859375 0.84375 0.828125 0.798986 0.767736 0.722973 0.676098 0.442145 0.397382 0.350507 0.321368 0.307855 0.29223 0.263091 0.249578 0.535473 0.548986 0.5625 0.578125 0.578125 0.59375 0.609375 0.84375 0.830236 0.814611 0.785473 0.769848 0.756334 0.742821 0.729307 0.715794 0.717905 0.394003 0.353463 0.312922 0.515625 0.53125 0.517736 0.517736 0.504223 0.506334 0.492821 0.114443 0.114443 0.130068 0.130068 0.130068
D:\Thesis\Chu_viet_tay\Experiments\Clustering\Clustering_2\data\lowif\lowif2\605756bb3bb31b63cffc33022ee13c43.jpg 0.930321 0.932432 0.914696 0.899071 0.872044 0.842905 0.813767 0.784628 0.75549 0.726351 0.820946 0.818834 0.803209 0.787584 0.756334 0.725084 0.680321 0.649071 0.604307 0.588682 0.543919 0.528294 0.309966 0.280828 0.251689 0.238176 0.494932 0.494932 0.508446 0.508446 0.524071 0.744932 0.729307 0.713682 0.700169 0.686655 0.673142 0.632601 0.592061 0.678209 0.475084 0.461571 0.448057 0.434544 0.450169 0.436655 0.193412 0.0853041 0.100929 0.100929 0.303632 0.317145 0.317145 0.317145
D:\Thesis\Chu_viet_tay\Experiments\Clustering\Clustering_2\data\lowif\lowif2\6599fe0a2fda7f072d5209834781991a.jpg 0.726351 0.741976 0.710726 0.695101 0.695101 0.668074 0.652449 0.638936 0.609797 0.609797 0.580659 0.634713 0.648226 0.646115 0.646115 0.63049 0.601351 0.570101 0.554476 0.523226 0.494088 0.356841 0.312078 0.445101 0.44299 0.41174 0.396115 0.396115 0.396115 0.382601 0.382601 0.369088 0.355574 0.344172 0.330659 0.357686 0.425253 0.438767 0.423142 0.378378 0.364865 0.38049 0.396115 0.290118 0.290118 0.305743 0.491132 0.506757
D:\Thesis\Chu_viet_tay\Experiments\Clustering\Clustering_2\data\lowif\lowif2\6601819ab8201cec26efc2cdf665d38e.jpg 0.872044 0.872044 0.856419 0.840794 0.82728 0.798142 0.769003 0.75549 0.739865 0.710726 0.697213 0.735642 0.762669 0.747044 0.700169 0.653294 0.622044 0.590794 0.54603 0.51478 0.467905 0.423142 0.405405 0.418919 0.418919 0.418919 0.481419 0.465794 0.450169 0.405405 0.405405 0.391892 0.378378 0.364865 0.603463 0.574324 0.572213 0.434544 0.448057 0.448057 0.448057 0.450169 0.423142 0.382601 0.342061 0.100929 0.290118 0.290118 0.290118 0.290118 0.276605 0.116554
D:\Thesis\Chu_viet_tay\Experiments\Clustering\Clustering_2\data\lowif\lowif2\693ab813a592818a3a218c91f9943ae8.jpg 0.856419 0.856419 0.842905 0.813767 0.798142 0.784628 0.863598 0.847973 0.847973 0.832348 0.816723 0.785473 0.740709 0.709459 0.680321 0.649071 0.604307 0.602196 0.584459 0.582348 0.551098 0.535473 0.506334 0.477196 0.463682 0.436655 0.423142 0.409628 0.396115 0.398226 0.5625 0.703125 0.703125 0.71875 0.736486 0.861486 0.456503 0.143581 0.143581 0.159206 0.388936 0.388936 0.388936 0.375422 0.361909 0.361909
D:\Thesis\Chu_viet_tay\Experiments\Clustering\Clustering_2\data\lowif\lowif2\6b7d8066b7ae0ab1165c789bae82b22c.jpg 0.959459 0.959459 0.943834 0.928209 0.914696 0.885557 0.872044 0.842905 0.82728 0.813767 0.852196 0.850084 0.834459 0.803209 0.771959 0.725084 0.693834 0.649071 0.602196 0.573057 0.557432 0.350507 0.321368 0.321368 0.497044 0.494932 0.508446 0.508446 0.508446 0.524071 0.524071 0.727196 0.713682 0.713682 0.700169 0.659628 0.729307 0.477196 0.477196 0.477196 0.463682 0.463682 0.425253 0.371199 0.143581 0.33277 0.348395 0.348395 0.36402
D:\Thesis\Chu_viet_tay\Experiments\Clustering\Clustering_2\data\lowif\lowif2\6ba5b2f163125a9497a688bbf9455916.jpg 0.930321 0.930321 0.914696 0.885557 0.856419 0.813767 0.784628 0.75549 0.75549 0.807432 0.791807 0.774071 0.729307 0.698057 0.666807 0.635557 0.619932 0.575169 0.383868 0.368243 0.32348 0.294341 0.48353 0.481419 0.494932 0.494932 0.494932 0.494932 0.497044 0.512669 0.51478 0.688767 0.690878 0.659628 0.632601 0.355574 0.315034 0.30152 0.465794 0.479307 0.494932 0.548986 0.564611 0.769848 0.771959
D:\Thesis\Chu_viet_tay\Experiments\Clustering\Clustering_2\data\lowif\lowif2\6dc06a12b646dd1a839e7efb63c195dc.jpg 0.95 0.947436 0.928205 0.908974 0.90641 0.903846 0.884615 0.865385 0.846154 0.810256 0.771795 0.733333 0.711538 0.711538 0.673077 0.617949 0.582051 0.56282 0.510256 0.507692 0.488462 0.488462 0.488462 0.507692 0.719231 0.702564 0.685897 0.685897 0.652564 0.602564 0.355128 0.335897 0.285897 0.452564 0.452564 0.452564 0.471795 0.455128 0.438462 0.105128 0.124359 0.326923 0.461538 0.480769 0.480769
D:\Thesis\Chu_viet_tay\Experiments\Clustering\Clustering_2\data\lowif\lowif2\6ef0ad1426c58d7e6281e822f1ebe036.jpg 0.991525 1 0.983051 0.974576 0.957905 0.957905 0.933037 0.916366 0.891498 0.874826 0.858155 0.841484 0.824812 0.808141 0.799944 0.79147 0.774799 0.758127 0.749931 0.741456 0.724785 0.708113 0.691442 0.683245 0.666574 0.649903 0.756182 0.764101 0.764101 0.755627 0.747152 0.747152 0.730481 0.722006 0.713809 0.697138 0.688663 0.671714 0.507224 0.482356 0.449014 0.415671 0.390525 0.365379 0.348708 0.323284 0.298138 0.281467 0.256321 0.23965 0.46888 0.468602 0.45985 0.459572 0.459572 0.451098 0.459294 0.459294 0.459294 0.467769 0.467769 0.459572 0.459572 0.451375 0.451375 0.451653 0.680745 0.664073 0.64768 0.631287 0.614893 0.565713 0.328702 0.320228 0.320228 0.328702 0.337177 0.525702 0.542373 0.542373 0.534176 0.542651 0.534454 0.534454 0.518061 0.518338 0.452765 0.297027 0.297305 0.289108 0.272715 0.264518 0.158238 0.158238 0.158238 0.158238 0.158238 0.363434 0.558072 0.566268 0.566268 0.566268 0.574743
D:\Thesis\Chu_viet_tay\Experiments\Clustering\Clustering_2\data\lowif\lowif2\739070243a21d64824c3181d0179606d.jpg 0.716032 0.716032 0.707836 0.707558 0.699083 0.649625 0.624757 0.608086 0.591414 0.640317 0.640039 0.639761 0.631287 0.631009 0.614059 0.597388 0.580439 0.56349 0.546819 0.529869 0.504724 0.496249 0.323562 0.306891 0.453876 0.453598 0.444846 0.436371 0.436371 0.436371 0.436371 0.436371 0.436649 0.436649 0.428452 0.42873 0.437205 0.573354 0.548208 0.540011 0.531814 0.507224 0.458044 0.441095 0.424423 0.385524 0.39372 0.39372 0.402195 0.41067 0.402473 0.402473 0.402751 0.402751 0.394554 0.0915532 0.0915532 0.0915532 0.0915532 0.280356 0.441095 0.441095
D:\Thesis\Chu_viet_tay\Experiments\Clustering\Clustering_2\data\lowif\lowif2\7792d9341e8264ef53bdfee99f00041e.jpg 0.849958 0.841762 0.841484 0.841206 0.832731 0.81606 0.783273 0.774799 0.758127 0.749931 0.733259 0.716588 0.69172 0.683245 0.773131 0.78105 0.772576 0.764101 0.755627 0.755627 0.738955 0.730481 0.713809 0.688386 0.66324 0.638094 0.612948 0.587802 0.398722 0.365101 0.339956 0.314532 0.289386 0.272715 0.461239 0.460961 0.469158 0.485829 0.485829 0.494304 0.502779 0.511253 0.655599 0.647124 0.630453 0.630453 0.630731 0.614337 0.614615 0.606696 0.582106 0.524729 0.524729 0.423312 0.279244 0.418311 0.434982 0.434982 0.443457 0.43526 0.402473 0.394554 0.386357 0.361767 0.0997499 0.107947 0.107947 0.116421 0.288552 0.297027
D:\Thesis\Chu_viet_tay\Experiments\Clustering\Clustering_2\data\lowif\lowif2\78621850e6e0a2c2af9179f710bb1fbb.jpg 0.516255 0.516255 0.516255 0.50778 0.491109 0.458044 0.449847 0.433176 0.416505 0.399833 0.399833 0.448736 0.448458 0.448458 0.439983 0.439983 0.431509 0.423034 0.397888 0.380939 0.364268 0.240761 0.322173 0.305224 0.304946 0.287997 0.279522 0.271048 0.271048 0.271048 0.262851 0.271325 0.263129 0.254932 0.238538 0.222145 0.30439 0.30439 0.295916 0.295916 0.295916 0.271325 0.2798 0.263406 0.198111 0.198111 0.206585 0.206585 0.198388
D:\Thesis\Chu_viet_tay\Experiments\Clustering\Clustering_2\data\lowif\lowif2\8116eb078f8660c09037e13c2b134f59.jpg 0.499861 0.499861 0.491386 0.482912 0.474437 0.457766 0.441373 0.424701 0.424701 0.40803 0.448736 0.456932 0.448458 0.439983 0.431509 0.423034 0.406085 0.39761 0.372465 0.355515 0.33037 0.31342 0.190192 0.165046 0.165046 0.271325 0.271048 0.279244 0.279244 0.287719 0.287719 0.279522 0.271325 0.263129 0.25521 0.332315 0.315643 0.39761 0.371909 0.304112 0.295916 0.295916 0.287719 0.287997 0.214226 0.0830786 0.189636 0.198111 0.198111 0.198111 0.198388
D:\Thesis\Chu_viet_tay\Experiments\Clustering\Clustering_2\data\lowif\lowif2\8541c55b23392d05b30f00e3cbd25a08.jpg 0.899972 0.90025 0.883023 0.874548 0.84968 0.841484 0.824812 0.808141 0.79147 0.79147 0.774799 0.758127 0.749931 0.741456 0.724785 0.716588 0.708113 0.699917 0.691442 0.683245 0.674771 0.748263 0.764657 0.764379 0.755904 0.755904 0.74743 0.738955 0.730759 0.722284 0.697138 0.680189 0.66324 0.646568 0.629619 0.440261 0.423312 0.398166 0.364546 0.356071 0.330925 0.313976 0.297305 0.460684 0.460406 0.468602 0.468325 0.45985 0.451375 0.459572 0.459572 0.451375 0.451375 0.451653 0.451653 0.443457 0.279522 0.381495 0.271325 0.361489 0.345096 0.303834 0.303834 0.320506 0.320506 0.354404 0.439983 0.57905 0.570853 0.562378 0.53751 0.529314 0.512642 0.496249 0.471659 0.455265 0.389692 0.271048 0.271048 0.262851 0.262851 0.271325 0.263129 0.0746041 0.0746041 0.0830786 0.0830786 0.0912753 0.0997499 0.0997499
D:\Thesis\Chu_viet_tay\Experiments\Clustering\Clustering_2\data\lowif\lowif2\88715c0b9ebe776dafa570a095045a60.jpg 0.903226 0.865358 0.849229 0.827489 0.892006 0.886395 0.886395 0.880785 0.837307 0.7777 0.58906 0.545582 0.485975 0.448107 0.404628 0.576438 0.554698 0.549088 0.527349 0.527349 0.527349 0.527349 0.527349 0.532959 0.532959 0.799439 0.78331 0.751052 0.441795 0.377279 0.377279 0.377279 0.608696 0.608696 0.608696 0.608696 0.630435 0.614306 0.636045 0.619916 0.638149 0.638149
D:\Thesis\Chu_viet_tay\Experiments\Clustering\Clustering_2\data\lowif\lowif2\8e80665986761dc1bd09fcd454a5873f.jpg 1 1 1 1 1 1 1 1 1 1 1 1 0.991525 0.974576 0.958183 0.941512 0.92484 0.899972 0.883301 0.86663 0.849958 0.833287 0.833287 0.816616 0.799944 0.791748 0.775076 0.766602 0.758405 0.741734 0.839817 0.831342 0.839539 0.831064 0.814393 0.805918 0.797444 0.780772 0.763823 0.623923 0.582384 0.548764 0.515421 0.49875 0.637538 0.620589 0.612114 0.620033 0.619756 0.611003 0.602528 0.602528 0.602528 0.594332 0.594332 0.586135 0.586135 0.586413 0.463462 0.463462 0.471937 0.488608 0.723673 0.682967 0.673937 0.673937 0.665463 0.665463 0.547652 0.481523 0.395943 0.395943 0.396221 0.59322 0.59322 0.59322 0.593498 0.585301 0.577105 0.552515 0.511809 0.224924 0.224924 0.405251 0.405251 0.558072 0.566546 0.574743 0.583218
D:\Thesis\Chu_viet_tay\Experiments\Clustering\Clustering_2\data\lowif\lowif2\92279720f2c7c6c2984cd41934aee71d.jpg 0.935484 0.915484 0.879355 0.863226 0.827097 0.790968 0.871613 0.867742 0.867742 0.847742 0.827742 0.827742 0.771613 0.606452 0.534194 0.478065 0.441935 0.611613 0.607742 0.567742 0.583871 0.567742 0.567742 0.567742 0.567742 0.551613 0.555484 0.539355 0.523226 0.507097 0.590323 0.294194 0.294194 0.294194 0.52 0.52 0.503871 0.523871 0.507742 0.495484 0.463226 0.273548 0.34129
D:\Thesis\Chu_viet_tay\Experiments\Clustering\Clustering_2\data\lowif\lowif2\99829809697596a742db1346840056e9.jpg 0.935484 0.935484 0.915484 0.879355 0.843226 0.807097 0.790968 0.754839 0.73871 0.71871 0.702581 0.827742 0.807742 0.807742 0.787742 0.787742 0.767742 0.747742 0.707742 0.651613 0.611613 0.361935 0.535484 0.511613 0.527742 0.507742 0.507742 0.507742 0.527742 0.527742 0.511613 0.511613 0.495484 0.439355 0.407097 0.374839 0.527742 0.527742 0.527742 0.527742 0.547742 0.547742 0.551613 0.470968 0.212903 0.216774 0.574194 0.554194 0.554194
D:\Thesis\Chu_viet_tay\Experiments\Clustering\Clustering_2\data\lowif\lowif2\9ab56bd05fbbeac701043b192a595091.jpg 0.951613 0.951613 0.932382 0.913151 0.861663 0.845533 0.810174 0.810174 0.774814 0.774814 0.758685 0.836228 0.852357 0.849256 0.849256 0.849256 0.813896 0.794665 0.775434 0.740074 0.540323 0.647022 0.643921 0.605459 0.586228 0.547767 0.512407 0.493176 0.473945 0.457816 0.441687 0.441687 0.441687 0.409429 0.506203 0.522332 0.522332 0.522332 0.509305 0.509305 0.512407 0.370347 0.51799 0.51799 0.405707 0.389578 0.244417 0.244417 0.244417 0.279777 0.279777 0.299007 0.299007
D:\Thesis\Chu_viet_tay\Experiments\Clustering\Clustering_2\data\lowif\lowif2\9cccab658ba5d0d1c6a574f98a3b8dd1.jpg 0.967742 0.983871 0.932382 0.916253 0.880893 0.845533 0.829404 0.810174 0.87469 0.855459 0.852357 0.833127 0.813896 0.775434 0.720844 0.682382 0.501861 0.44727 0.411911 0.35732 0.515509 0.512407 0.509305 0.490074 0.490074 0.490074 0.493176 0.477047 0.460918 0.675558 0.67866 0.630273 0.325682 0.325682 0.503102 0.522332 0.522332 0.522332 0.525434 0.493176 0.444789 0.141439 0.367246 0.562655
D:\Thesis\Chu_viet_tay\Experiments\Clustering\Clustering_2\data\lowif\lowif2\a02754574c92d34e29eb950a2ec17e08.jpg 0.986111 0.986111 0.97096 0.941919 0.912879 0.883838 0.854798 0.825758 0.811869 0.866162 0.864899 0.849747 0.848485 0.833333 0.77399 0.743687 0.713384 0.683081 0.652778 0.608586 0.578283 0.563131 0.561869 0.560606 0.545455 0.545455 0.530303 0.516414 0.502525 0.474747 0.44697 0.405303 0.391414 0.406566 0.546717 0.728535 0.698232 0.669192 0.640152 0.555556 0.325758 0.311869 0.29798 0.353535 0.353535 0.368687 0.20202 0.20202 0.20202 0.20202 0.20202
D:\Thesis\Chu_viet_tay\Experiments\Clustering\Clustering_2\data\lowif\lowif2\a41bc6cf5729a1f6050e8d1af7859e2f.jpg 0.989362 0.989362 0.977998 0.966634 0.93472 0.912718 0.901354 0.890716 0.879352 0.85735 0.846712 0.82471 0.82471 0.802708 0.802708 0.897727 0.886364 0.886364 0.875 0.875 0.863636 0.841634 0.830271 0.819633 0.691248 0.786267 0.76354 0.591876 0.569874 0.536509 0.514507 0.481141 0.458414 0.637814 0.637089 0.625725 0.602998 0.602998 0.591634 0.591634 0.591634 0.59236 0.59236 0.581721 0.571083 0.571809 0.571809 0.56117 0.561896 0.744439 0.733801 0.712524 0.691248 0.363878 0.352515 0.352515 0.512089 0.512089 0.501451 0.502176 0.491538 0.448985 0.28941 0.268133 0.098646 0.098646 0.109284 0.109284
D:\Thesis\Chu_viet_tay\Experiments\Clustering\Clustering_2\data\lowif\lowif2\aaa2bf3c6014f11d88e2a0ec94e4d0e8.jpg 0.99 0.990385 0.98 0.96 0.921154 0.901538 0.881923 0.862308 0.842692 0.823077 0.803462 0.783846 0.764231 0.831154 0.830769 0.830385 0.810385 0.790385 0.760385 0.740385 0.700769 0.680769 0.641154 0.601538 0.581538 0.551923 0.531923 0.492308 0.491923 0.491538 0.501154 0.491154 0.500769 0.500769 0.510385 0.510385 0.510385 0.510385 0.520385 0.520769 0.530769 0.530769 0.531154 0.751154 0.761154 0.761539 0.761923 0.672308 0.642692 0.613462 0.453846 0.347692 0.55 0.56 0.57 0.57 0.570385 0.570385 0.570769 0.513077 0.503846 0.465385 0.215385 0.215385 0.388846 0.388846
D:\Thesis\Chu_viet_tay\Experiments\Clustering\Clustering_2\data\lowif\lowif2\ab4943902db9602a967e3be12dafecc2.jpg 0.948718 0.934012 0.919306 0.89178 0.864253 0.836727 0.823906 0.79638 0.79638 0.832956 0.831071 0.816365 0.772247 0.742836 0.713424 0.671192 0.64178 0.627074 0.584842 0.570136 0.527903 0.346531 0.536953 0.547888 0.546003 0.544118 0.544118 0.544118 0.531297 0.531297 0.518477 0.505656 0.494721 0.456259 0.458145 0.71003 0.638386 0.596154 0.514706 0.514706 0.514706 0.514706 0.516591 0.505656 0.428733 0.36463 0.379336 0.379336 0.366516
D:\Thesis\Chu_viet_tay\Experiments\Clustering\Clustering_2\data\lowif\lowif2\ab4e63a97680a48a2d7f1d735b9e7dc2.jpg 0.967742 0.965352 0.946834 0.912186 0.879928 0.845281 0.829152 0.813023 0.778375 0.778375 0.743728 0.727599 0.805854 0.821983 0.803465 0.803465 0.784946 0.766428 0.713262 0.676225 0.494026 0.422342 0.336918 0.251493 0.200717 0.14994 0.117682 0.101553 0.523297 0.539427 0.891278 0.87276 0.854241 0.819594 0.803465 0.787336 0.736559 0.704301 0.688172 0.669654 0.635006 0.796296 0.685185 0.685185 0.685185 0.539427 0.523297 0.491039 0.442652 0.364397 0.382915 0.382915 0.382915 0.419952
D:\Thesis\Chu_viet_tay\Experiments\Clustering\Clustering_2\data\lowif\lowif2\b018ed53402919f9717c69f8e124e1cd.jpg 0.984375 0.96875 0.967134 0.949892 0.932651 0.899784 0.851293 0.835668 0.802802 0.787177 0.769935 0.830819 0.830819 0.829203 0.811961 0.79472 0.777478 0.742996 0.710129 0.675647 0.641164 0.608297 0.573815 0.572198 0.570582 0.586207 0.586207 0.586207 0.586207 0.570582 0.587823 0.572198 0.718211 0.66972 0.583513 0.393858 0.393858 0.534483 0.534483 0.534483 0.534483 0.551724 0.551724 0.551724 0.536099 0.364224 0.364224 0.381466
D:\Thesis\Chu_viet_tay\Experiments\Clustering\Clustering_2\data\lowif\lowif2\b6c0364d3271e73972203701b3aafdd0.jpg 0.978261 0.978261 0.966066 0.953871 0.941676 0.918611 0.907741 0.884677 0.862937 0.829003 0.90509 0.903765 0.902439 0.890244 0.890244 0.878049 0.853659 0.830594 0.818399 0.652704 0.617444 0.59438 0.55912 0.52386 0.49947 0.46421 0.43982 0.40456 0.3693 0.518823 0.528367 0.539236 0.527041 0.514846 0.514846 0.514846 0.527041 0.527041 0.516172 0.674708 0.7614 0.738335 0.727466 0.716596 0.474019 0.474019 0.671792 0.648727 0.614793 0.555143 0.509014 0.47508 0.45334 0.430276 0.525716 0.513521 0.502651 0.502651 0.491782 0.468717 0.457847 0.403499 0.372216 0.0678685 0.0678685 0.0678685 0.0787381 0.0909332 0.297455 0.297455 0.297455 0.30965 0.298781
D:\Thesis\Chu_viet_tay\Experiments\Clustering\Clustering_2\data\lowif\lowif2\b9339c975ab993109b54298e30fec7d2.jpg 0.981818 0.972727 0.981818 0.971614 0.953432 0.934137 0.925046 0.905751 0.886456 0.877365 0.85807 0.85807 0.838776 0.828571 0.809276 0.899072 0.899072 0.897959 0.887755 0.877551 0.867347 0.857143 0.837848 0.827644 0.798145 0.777737 0.748237 0.564193 0.535807 0.506308 0.487013 0.457514 0.391651 0.617811 0.625789 0.614471 0.594063 0.572542 0.562338 0.552134 0.541929 0.522635 0.51243 0.51243 0.493135 0.493135 0.484045 0.474954 0.474954 0.456772 0.457885 0.448794 0.440816 0.727644 0.681076 0.634508 0.615213 0.606122 0.586827 0.557328 0.496104 0.675696 0.655288 0.492022 0.472727 0.47384 0.474954 0.456772 0.430612 0.0851577 0.321521 0.321521 0.331725 0.331725 0.331725 0.341929 0.332839 0.332839 0.114657 0.114657
D:\Thesis\Chu_viet_tay\Experiments\Clustering\Clustering_2\data\lowif\lowif2\c38e504352010ea655478f2d070a975f.jpg 0.635622 0.636735 0.625417 0.615213 0.605009 0.585714 0.557328 0.538033 0.518738 0.499443 0.534694 0.543785 0.533581 0.513173 0.492764 0.472356 0.451948 0.422449 0.402041 0.382746 0.362338 0.332839 0.186271 0.322635 0.331725 0.340816 0.340816 0.340816 0.340816 0.352134 0.352134 0.343043 0.466605 0.438219 0.319295 0.328386 0.328386 0.328386 0.329499 0.320408 0.311317 0.276067 0.257885 0.194249 0.204453 0.204453 0.297403
D:\Thesis\Chu_viet_tay\Experiments\Clustering\Clustering_2\data\lowif\lowif2\d2ac75814907b5b6b3dd4987f3460aea.jpg 0.967742 0.96663 0.949388 0.932147 0.932147 0.898776 0.865406 0.849277 0.815907 0.799778 0.782536 0.766407 0.733037 0.79644 0.812569 0.795328 0.795328 0.760845 0.726363 0.709121 0.658509 0.624027 0.589544 0.555061 0.521691 0.536707 0.535595 0.534483 0.534483 0.534483 0.534483 0.534483 0.551724 0.535595 0.552836 0.760845 0.760845 0.744716 0.471079 0.422692 0.374305 0.358176 0.551724 0.568965 0.568965 0.568965 0.570078 0.553949 0.553949 0.457175 0.200222 0.393771 0.566185 0.548943 0.548943
D:\Thesis\Chu_viet_tay\Experiments\Clustering\Clustering_2\data\lowif\lowif2\d4683389c1e0984799d361654a6c867e.jpg 0.94186 0.928347 0.928347 0.903206 0.878064 0.864551 0.852923 0.839409 0.814268 0.80264 0.789126 0.763985 0.752357 0.831867 0.843495 0.829981 0.828096 0.814582 0.787555 0.7489 0.721873 0.694846 0.667819 0.642678 0.615651 0.602137 0.57511 0.329038 0.315525 0.27687 0.51917 0.517285 0.528913 0.515399 0.515399 0.515399 0.515399 0.515399 0.528913 0.530798 0.774041 0.762414 0.764299 0.939975 0.455374 0.443746 0.432118 0.434004 0.410748 0.375864 0.340981 0.527027 0.527027 0.527027 0.540541 0.540541 0.528913 0.528913 0.517285 0.517285 0.517285 0.51917 0.51917 0.125707 0.125707 0.615022 0.601508 0.601508
D:\Thesis\Chu_viet_tay\Experiments\Clustering\Clustering_2\data\lowif\lowif2\d6d8bb0adba832a8d8793c0f2e8adfc3.jpg 0.978472 0.989583 0.967361 0.95625 0.945833 0.924306 0.892361 0.870833 0.860417 0.890972 0.900694 0.9 0.888889 0.866667 0.844444 0.789583 0.767361 0.722917 0.679167 0.656944 0.624306 0.591667 0.580556 0.559028 0.370833 0.349306 0.338889 0.504861 0.536111 0.546528 0.556944 0.556944 0.568056 0.568056 0.568056 0.757639 0.757639 0.747222 0.747222 0.736806 0.726389 0.715972 0.694444 0.684028 0.673611 0.674306 0.652778 0.620833 0.502083 0.490972 0.636111 0.625 0.636111 0.447917 0.4375 0.427778 0.397222 0.0638889 0.0854167 0.0854167 0.252083 0.2625 0.272917 0.272917 0.273611 0.0965278 0.0965278 0.0965278 0.0965278 0.0965278
D:\Thesis\Chu_viet_tay\Experiments\Clustering\Clustering_2\data\lowif\lowif2\e3265783191a88890f9129e54a49d6cc.jpg 0.569444 0.580556 0.558333 0.547222 0.536806 0.515972 0.504861 0.483333 0.461806 0.451389 0.440278 0.470833 0.491667 0.480556 0.469444 0.458333 0.447222 0.425 0.402778 0.38125 0.359028 0.325694 0.304167 0.293056 0.281944 0.28125 0.291667 0.291667 0.291667 0.291667 0.291667 0.291667 0.28125 0.28125 0.39375 0.372917 0.352083 0.320833 0.299306 0.413889 0.357639 0.357639 0.357639 0.347222 0.336806 0.250694 0.219444 0.0638889 0.16875 0.16875 0.179861 0.180556 0.236111 0.236806 0.247222
D:\Thesis\Chu_viet_tay\Experiments\Clustering\Clustering_2\data\lowif\lowif2\e87168362ca22fca079d5f53d8c1963d.jpg 0.73125 0.720833 0.720139 0.697917 0.676389 0.665972 0.634028 0.623611 0.602083 0.580556 0.569444 0.631944 0.63125 0.630556 0.619444 0.608333 0.597222 0.564583 0.542361 0.509722 0.498611 0.320139 0.2875 0.254861 0.420833 0.409028 0.397917 0.386806 0.386806 0.386806 0.376389 0.365972 0.261806 0.283333 0.304167 0.304167 0.504167 0.315972 0.430556 0.430556 0.430556 0.420139 0.399306 0.357639 0.3375 0.139583 0.139583 0.285417 0.296528
D:\Thesis\Chu_viet_tay\Experiments\Clustering\Clustering_2\data\lowif\lowif2\e90075bb9ce84629464e87f7e8b58be7.jpg 0.666667 0.666667 0.655556 0.644444 0.622917 0.6125 0.590972 0.590972 0.569444 0.559028 0.547917 0.5375 0.526389 0.557639 0.556944 0.545833 0.534722 0.523611 0.501389 0.479167 0.374306 0.352778 0.320139 0.298611 0.277083 0.390972 0.379167 0.368056 0.356944 0.345833 0.345833 0.334722 0.324306 0.240972 0.240972 0.240972 0.355556 0.355556 0.355556 0.355556 0.345833 0.325 0.314583 0.315278 0.190278 0.408333 0.408333
D:\Thesis\Chu_viet_tay\Experiments\Clustering\Clustering_2\data\lowif\lowif2\f02d522c2518883c239dfafbb644ee05.jpg 0.983333 0.964103 0.944872 0.894872 0.858974 0.839744 0.823077 0.803846 0.853846 0.851282 0.832051 0.812821 0.79359 0.774359 0.602564 0.566667 0.511539 0.473077 0.601282 0.579487 0.541026 0.521795 0.521795 0.502564 0.505128 0.488462 0.491026 0.457692 0.441026 0.426923 0.429487 0.605128 0.730769 0.576923 0.576923 0.560256 0.54359 0.476923 0.446154 0.396154 0.415385 0.398718 0.398718 0.555128 0.494872 0.533333
D:\Thesis\Chu_viet_tay\Experiments\Clustering\Clustering_2\data\lowif\lowif2\f0b736b347fcd0cab99f99f379704db7.jpg 0.938072 0.948276 0.927868 0.917664 0.926284 0.907459 0.897255 0.878431 0.825123 0.806298 0.787474 0.778853 0.889338 0.887755 0.877551 0.867347 0.857143 0.857143 0.846939 0.828114 0.81791 0.799085 0.770056 0.759852 0.739444 0.530964 0.501935 0.48311 0.454082 0.425053 0.396024 0.377199 0.34817 0.319141 0.300317 0.290113 0.261084 0.493842 0.50088 0.499296 0.497713 0.49613 0.50475 0.50475 0.494546 0.494546 0.494546 0.494546 0.494546 0.50475 0.50475 0.514954 0.761436 0.761436 0.742611 0.742611 0.73399 0.715165 0.706545 0.432618 0.415376 0.398135 0.372273 0.304891 0.29627 0.297854 0.297854 0.306474 0.306474 0.470267 0.478888 0.489092 0.489092 0.480472 0.471851 0.482055 0.464814 0.456193 0.414673 0.121569 0.328642 0.51689 0.506685 0.496481 0.496481 0.496481
D:\Thesis\Chu_viet_tay\Experiments\Clustering\Clustering_2\data\lowif\lowif2\fe1ff25d4f6c6264cebc5a1e6c83519c.jpg 0.814919 0.814919 0.806298 0.804715 0.803132 0.749824 0.730999 0.712175 0.703554 0.684729 0.665904 0.657284 0.741907 0.748944 0.73874 0.728536 0.718332 0.708128 0.689303 0.679099 0.660274 0.639866 0.610837 0.581809 0.5614 0.532372 0.511963 0.47273 0.452322 0.423293 0.42171 0.428747 0.427164 0.425581 0.425581 0.425581 0.434201 0.425581 0.435785 0.435785 0.435785 0.437368 0.428747 0.430331 0.666608 0.657987 0.640746 0.481527 0.452498 0.442294 0.43209 0.43209 0.595883 0.453026 0.442822 0.444405 0.435785 0.427164 0.427164 0.427164 0.0823364 0.0925405 0.0925405 0.0925405 0.0925405 0.273575 0.283779 0.283779
D:\Thesis\Chu_viet_tay\Experiments\Clustering\Clustering_2\data\lowif\lowif2\ff0edab55c20498fb596dff4493bda7e.jpg 0.628255 0.628255 0.618051 0.618051 0.581985 0.573364 0.564743 0.554539 0.545918 0.535714 0.527094 0.559993 0.568614 0.55841 0.556826 0.556826 0.538001 0.517593 0.497185 0.381949 0.363125 0.315271 0.279205 0.241555 0.203906 0.174877 0.328466 0.335503 0.325299 0.306474 0.297854 0.280612 0.263371 0.25475 0.246129 0.429803 0.358374 0.442998 0.442998 0.330753 0.330753 0.322132 0.322132 0.29627 0.28765 0.270408 0.065095 0.203026 0.203026 0.21323 0.21323 0.21323 0.214814
