D:\Thesis\Chu_viet_tay\Experiments\Clustering\Clustering_2\data\em\em1\094fcae1b214e860cf905ccc96923dad.jpg 0.293103 0.344828 0.224138 0.137931 0.103448 0.0862069 0.0517241 0.0344828 0.0172414 0.0172414 0.0172414 0.0172414 0.0344828 0.0689655 0.37931 0.362069 0.344828 0.327586 0.327586 0.310345 0.310345 0.241379 0.206897 0.189655 0.172414 0.172414 0.258621 0.362069 0.344828 0.344828 0.344828 0.344828 0.275862 0.206897 0.189655 0.189655 0.206897 0.362069 0.37931 0.37931 0.362069 0.362069 0.362069 0.327586 0.275862 0.241379 0.224138 0.206897 0.206897 0.206897 0.206897 0.293103 0.396552 0.5
D:\Thesis\Chu_viet_tay\Experiments\Clustering\Clustering_2\data\em\em1\0aee13f61fc9c91528af33bf3215827c.jpg 0.909091 0.905724 0.887205 0.850168 0.671717 0.579125 0.526936 0.505051 0.483165 0.494949 0.476431 0.491583 0.491583 0.473064 0.491583 0.494949 0.513468 0.835017 0.782828 0.734007 0.685185 0.577441 0.592593 0.680135 0.728956 0.781145 0.8367 0.914141 0.89899 0.86532 0.703704 0.670034 0.673401 0.621212 0.535354 0.66835 0.713805 0.796296 0.944444 0.981481 1 1 0.951178 0.883838 0.835017 0.771044 0.722222 0.688552 0.636364 0.602694 0.617845 0.784512 0.814815 0.814815 0.873737
D:\Thesis\Chu_viet_tay\Experiments\Clustering\Clustering_2\data\em\em1\11c1b61292e525f45f110985ba649a11.jpg 1 0.98 0.96 0.900769 0.861538 0.702308 0.642308 0.602308 0.562308 0.561538 0.540769 0.54 0.54 0.54 0.54 0.54 0.56 0.58 0.921538 0.760769 0.860769 0.820769 0.840769 0.840769 0.703846 0.527692 0.564615 0.622308 0.741538 0.781538 0.781538 0.743077 0.645385 0.528462 0.489231 0.45 0.449231 0.603077 0.661538 0.701538 0.781538 0.801538 0.743077 0.665385 0.586923 0.528462 0.489231 0.47 0.45 0.469231 0.507692 0.546923 0.606154 0.665385 0.704615 0.704615 0.704615 0.685385
D:\Thesis\Chu_viet_tay\Experiments\Clustering\Clustering_2\data\em\em1\29a65e8667e861363ebfbe2856cd3385.jpg 0.944286 0.944286 0.924286 0.886429 0.848571 0.828571 0.772857 0.735 0.695 0.457143 0.435 0.432857 0.432857 0.450714 0.468571 0.468571 0.508571 0.848571 0.828571 0.810714 0.770714 0.690714 0.628571 0.646429 0.724286 0.904286 0.866429 0.830714 0.812857 0.830714 0.830714 0.679286 0.49 0.487857 0.612857 0.722143 0.94 0.96 0.96 0.96 0.924286 0.755 0.697143 0.659286 0.603571 0.585714 0.547857 0.492143 0.452143 0.452143 0.47 0.632857 0.742143 0.78 0.92
D:\Thesis\Chu_viet_tay\Experiments\Clustering\Clustering_2\data\em\em1\3c1c66b218d4b7e6d3d93be0f9a746cf.jpg 0.832857 0.812857 0.772857 0.735 0.615 0.575 0.472857 0.470714 0.468571 0.466429 0.484286 0.502143 0.54 0.58 1 0.98 0.98 0.942143 0.922143 0.866429 0.830714 0.715 0.635 0.615 0.686429 0.742143 0.84 0.88 0.882143 0.866429 0.850714 0.567857 0.507857 0.487857 0.485714 0.539286 0.646429 0.744286 0.822143 0.92 0.922143 0.902143 0.846429 0.828571 0.846429 0.715 0.565714 0.563571 0.632857 0.668571 0.686429 0.824286 0.904286 0.924286
D:\Thesis\Chu_viet_tay\Experiments\Clustering\Clustering_2\data\em\em1\4448350dacbcc435f5c93e03a6a985ec.jpg 0.660173 0.657467 0.63961 0.63961 0.621753 0.603896 0.529762 0.524351 0.483225 0.480519 0.459957 0.457251 0.457251 0.475108 0.475108 0.52868 0.870671 0.837662 0.771645 0.702922 0.669913 0.619048 0.583333 0.656385 0.671537 0.704545 0.793831 0.885823 0.852814 0.819805 0.771645 0.690476 0.654762 0.621753 0.588745 0.555736 0.752706 0.767857 0.785714 0.839286 1 0.982143 0.931277 0.867965 0.789502 0.756494 0.705628 0.672619 0.63961 0.621753 0.588745 0.6921 0.737554 0.737554 0.755411 0.700216
D:\Thesis\Chu_viet_tay\Experiments\Clustering\Clustering_2\data\em\em1\46c347a2807fdc9a6ab000e93b805164.jpg 0.359307 0.329004 0.298701 0.402056 0.384199 0.399351 0.396645 0.396645 0.429654 0.429654 0.444805 0.462662 0.822511 0.804654 0.789502 0.756494 0.720779 0.631494 0.539502 0.554654 0.569805 0.587662 0.751082 0.718074 0.619048 0.522727 0.489719 0.471861 0.535173 0.583333 0.649351 0.715368 0.784091 0.801948 0.801948 0.784091 0.735931 0.687771 0.558442 0.525433 0.492424 0.444264 0.426407 0.426407 0.502164 0.608225 0.659091 0.763528 0.834957 0.870671 0.888528 0.888528
D:\Thesis\Chu_viet_tay\Experiments\Clustering\Clustering_2\data\em\em1\56344fbe55e8e6c9ccf5da9af1efd41e.jpg 0.657467 0.657467 0.63961 0.63961 0.374459 0.338745 0.320887 0.336039 0.366342 0.381494 0.414502 0.450216 0.786797 0.786797 0.753788 0.738636 0.705628 0.657467 0.573593 0.487013 0.415584 0.461039 0.542208 0.595779 0.664502 0.685065 0.652056 0.621753 0.555736 0.507576 0.459416 0.411255 0.36039 0.357684 0.463745 0.527056 0.643939 0.730519 0.766234 0.784091 0.766234 0.718074 0.669913 0.606602 0.558442 0.507576 0.489719 0.45671 0.441558 0.484307 0.593074 0.608225 0.659091 0.819805
D:\Thesis\Chu_viet_tay\Experiments\Clustering\Clustering_2\data\em\em1\56716ee0fd242277ccd372c0bd5f91ec.jpg 0.951515 0.936364 0.951515 0.919697 0.919697 0.872727 0.840909 0.809091 0.560606 0.545455 0.428788 0.427273 0.442424 0.457576 0.457576 0.457576 0.474242 0.840909 0.840909 0.824242 0.792424 0.760606 0.715152 0.636364 0.554545 0.521212 0.472727 0.531818 0.577273 0.674242 0.756061 0.854545 0.854545 0.839394 0.807576 0.760606 0.698485 0.745455 0.65 0.539394 0.537879 0.674242 0.721212 0.851515 0.884848 0.934848 0.934848 0.90303 0.90303 0.856061 0.777273 0.713636 0.665151 0.618182 0.586364 0.554545 0.539394 0.507576 0.506061 0.718182 0.75 0.766667 1
D:\Thesis\Chu_viet_tay\Experiments\Clustering\Clustering_2\data\em\em1\69ffc1ace779e5a70eecf124cfd65e88.jpg 0.981481 0.980769 0.961538 0.961538 0.923789 0.904558 0.866809 0.655983 0.598291 0.521368 0.520655 0.538462 0.538462 0.519231 0.538462 0.538462 0.539174 0.88604 0.848291 0.792023 0.716524 0.659544 0.602564 0.564815 0.564103 0.656695 0.712963 0.751424 0.809117 0.828348 0.791311 0.735043 0.697293 0.584758 0.546296 0.508547 0.470798 0.451567 0.618234 0.655983 0.712963 0.732906 0.77208 0.753561 0.735043 0.698006 0.622507 0.584758 0.565527 0.527778 0.508547 0.490029 0.470798 0.544872 0.638177 0.656695 0.713675 0.82906
D:\Thesis\Chu_viet_tay\Experiments\Clustering\Clustering_2\data\em\em1\79e676f900c9710926557bb4aa57f0b3.jpg 0.858974 0.858974 0.839744 0.820513 0.803846 0.784615 0.729487 0.520513 0.484615 0.482051 0.498718 0.455128 0.452564 0.469231 0.485897 0.485897 0.505128 0.524359 0.911538 0.892308 0.837179 0.784615 0.732051 0.641026 0.566667 0.547436 0.611538 0.664103 0.719231 0.870513 0.873077 0.873077 0.85641 0.873077 0.873077 0.732051 0.571795 0.535897 0.516667 0.65 0.719231 0.771795 0.865385 0.942308 0.961538 0.925641 0.892308 0.908974 0.803846 0.698718 0.662821 0.624359 0.588462 0.552564 0.552564 0.552564 0.771795 0.826923 0.846154 0.908974
D:\Thesis\Chu_viet_tay\Experiments\Clustering\Clustering_2\data\em\em1\7e7cf044c5ff0693f9685682daf97573.jpg 0.823077 0.80641 0.803846 0.784615 0.748718 0.712821 0.597436 0.539744 0.498718 0.441026 0.438462 0.438462 0.438462 0.438462 0.438462 0.457692 0.496154 0.729487 0.676923 0.660256 0.626923 0.552564 0.530769 0.501282 0.482051 0.482051 0.542308 0.583333 0.516667 0.428205 0.392308 0.337179 0.317949 0.301282 0.265385 0.229487 0.229487 0.462821 0.479487 0.479487 0.498718 0.635897 0.621795 0.624359 0.555128 0.466667 0.447436 0.392308 0.35641 0.337179 0.320513 0.284615 0.248718 0.212821 0.229487 0.412821 0.446154 0.482051 0.674359 0.712821 0.712821 0.712821 0.676923 0.660256
D:\Thesis\Chu_viet_tay\Experiments\Clustering\Clustering_2\data\em\em1\84e8a1e97afdbcb33d4d5161be0dc31f.jpg 1 1 0.962912 0.906593 0.887363 0.850275 0.813187 0.678571 0.561813 0.521978 0.520604 0.519231 0.519231 0.519231 0.519231 0.520604 0.539835 0.887363 0.832418 0.796703 0.740385 0.666209 0.589286 0.605769 0.675824 0.712912 0.732143 0.82967 0.793956 0.721154 0.611264 0.554945 0.517857 0.480769 0.443681 0.425824 0.425824 0.388736 0.478022 0.620879 0.638736 0.657967 0.755494 0.739011 0.756868 0.756868 0.756868 0.756868 0.756868 0.646978 0.517857 0.553571 0.608516 0.681319 0.718407 0.774725 0.831044 0.850275 0.906593 0.906593 0.906593 0.906593
D:\Thesis\Chu_viet_tay\Experiments\Clustering\Clustering_2\data\em\em1\8b2dee1757374fa133e8926579649aae.jpg 0.83687 0.83687 0.817639 0.817639 0.761936 0.60809 0.58687 0.56565 0.54244 0.52122 0.501989 0.519231 0.519231 0.519231 0.598143 0.580902 0.871353 0.834881 0.798409 0.742706 0.669761 0.633289 0.560345 0.504642 0.537135 0.606101 0.640584 0.659814 0.79443 0.832891 0.796419 0.742706 0.688992 0.635279 0.598806 0.562334 0.525862 0.627321 0.696286 0.732759 0.769231 0.886605 0.905836 0.852122 0.761936 0.65252 0.616048 0.579576 0.543103 0.506631 0.48939 0.470159 0.592838 0.644562 0.715517 0.809682 0.903846 0.942308
D:\Thesis\Chu_viet_tay\Experiments\Clustering\Clustering_2\data\em\em1\93a8abbc3b5eaa0358d965f8f468f202.jpg 0.983333 0.966667 0.964815 0.92963 0.892593 0.840741 0.805556 0.77037 0.587037 0.55 0.492593 0.488889 0.487037 0.485185 0.501852 0.501852 0.537037 0.537037 0.555556 0.944444 0.892593 0.857407 0.803704 0.768519 0.664815 0.592593 0.609259 0.640741 0.692593 0.837037 0.874074 0.892593 0.874074 0.838889 0.787037 0.718518 0.65 0.596296 0.577778 0.677778 0.761111 0.796296 0.833333 0.925926 0.927778 0.894444 0.825926 0.755556 0.737037 0.685185 0.633333 0.631481 0.62963 0.67963 0.746296 0.816667 0.853704
D:\Thesis\Chu_viet_tay\Experiments\Clustering\Clustering_2\data\em\em1\9b95455cb32f7688ed991f37a67c55b9.jpg 0.755 0.755 0.755 0.735 0.697143 0.677143 0.575 0.570714 0.586429 0.504286 0.502143 0.52 0.52 0.52 0.54 0.64 1 0.962143 0.924286 0.868571 0.906429 0.808571 0.710714 0.704286 0.702143 0.72 0.94 0.96 0.922143 0.906429 0.792857 0.661429 0.583571 0.525714 0.487857 0.592857 0.646429 0.684286 0.822143 0.942143 0.942143 0.904286 0.868571 0.850714 0.737143 0.585714 0.53 0.51 0.507857 0.527857 0.688571 0.726429 0.766429
D:\Thesis\Chu_viet_tay\Experiments\Clustering\Clustering_2\data\em\em1\a2027ac4bff5d1e10dd689c4053d3661.jpg 0.610714 0.630714 0.612857 0.590714 0.588571 0.488571 0.486429 0.484286 0.502143 0.52 0.52 0.62 0.98 0.942143 0.924286 0.870714 0.906429 0.888571 0.717143 0.507857 0.559286 0.650714 0.706429 0.764286 0.882143 0.902143 0.864286 0.846429 0.864286 0.715 0.527857 0.507857 0.45 0.45 0.628571 0.702143 0.76 0.88 0.9 0.844286 0.735 0.641429 0.585714 0.547857 0.527857 0.507857 0.617143 0.706429 0.762143 0.9 0.94 0.942143
D:\Thesis\Chu_viet_tay\Experiments\Clustering\Clustering_2\data\em\em1\a339d0e9f1bfd5c9ce7eb3ff532c4f89.jpg 0.868571 0.850714 0.848571 0.828571 0.828571 0.790714 0.752857 0.715 0.557143 0.415 0.412857 0.430714 0.448571 0.466429 0.524286 0.904286 0.904286 0.866429 0.866429 0.828571 0.792857 0.677143 0.541429 0.537143 0.626429 0.644286 0.704286 0.844286 0.864286 0.826429 0.770714 0.659286 0.583571 0.525714 0.487857 0.432143 0.394286 0.356429 0.356429 0.374286 0.535 0.552857 0.612857 0.672857 0.692857 0.657143 0.547857 0.472143 0.396429 0.358571 0.338571 0.338571 0.356429 0.374286 0.537143 0.575 0.595
D:\Thesis\Chu_viet_tay\Experiments\Clustering\Clustering_2\data\em\em1\b0ac81e9222443273edf196af6ddcd35.jpg 0.717143 0.717143 0.697143 0.677143 0.677143 0.657143 0.619286 0.519286 0.417143 0.415 0.412857 0.430714 0.430714 0.450714 0.470714 0.810714 0.790714 0.772857 0.697143 0.659286 0.603571 0.527857 0.49 0.47 0.447857 0.497143 0.532857 0.552857 0.692857 0.675 0.619286 0.563571 0.47 0.414286 0.376429 0.356429 0.336429 0.39 0.479286 0.517143 0.597143 0.617143 0.599286 0.581429 0.525714 0.414286 0.394286 0.43 0.521429 0.577143 0.635 0.712857 0.770714 0.790714 0.770714 0.770714 0.735
D:\Thesis\Chu_viet_tay\Experiments\Clustering\Clustering_2\data\em\em1\b1f9346088450293c21c97f9402f5ede.jpg 0.80089 0.799778 0.782536 0.749166 0.731924 0.715795 0.699666 0.666296 0.632925 0.477753 0.426029 0.423804 0.42158 0.437709 0.436596 0.452725 0.486096 0.503337 0.520578 0.849277 0.814794 0.781424 0.730812 0.64683 0.546719 0.529477 0.610122 0.643493 0.76307 0.848165 0.848165 0.830923 0.814794 0.748053 0.665184 0.615684 0.548943 0.515573 0.498331 0.675751 0.72525 0.758621 0.896552 0.931034 0.898776 0.865406 0.766407 0.716908 0.666296 0.615684 0.582314 0.582314 0.598443 0.711346 0.760845 0.828699 0.896552 0.982759 0.982759 1
D:\Thesis\Chu_viet_tay\Experiments\Clustering\Clustering_2\data\em\em1\b5253f2743c77fb7f011180d1ccc7da9.jpg 0.799778 0.80089 0.782536 0.765295 0.765295 0.731924 0.595106 0.457175 0.422692 0.40545 0.437709 0.436596 0.452725 0.486096 0.503337 0.882647 0.882647 0.832036 0.798665 0.765295 0.749166 0.699666 0.649055 0.583426 0.532814 0.498331 0.497219 0.593993 0.659622 0.710234 0.830923 0.830923 0.830923 0.781424 0.731924 0.667408 0.600667 0.516685 0.498331 0.529477 0.626251 0.659622 0.813682 0.814794 0.797553 0.765295 0.715795 0.650167 0.699666 0.683537 0.699666 0.599555 0.483315 0.545606 0.577864 0.627364 0.713571
D:\Thesis\Chu_viet_tay\Experiments\Clustering\Clustering_2\data\em\em1\b9e723160a4119d304f011e62b8896a6.jpg 0.833148 0.817019 0.815907 0.798665 0.765295 0.748053 0.456062 0.40545 0.42158 0.420467 0.436596 0.453838 0.471079 0.505562 0.798665 0.765295 0.749166 0.715795 0.649055 0.598443 0.531702 0.463849 0.444383 0.49277 0.559511 0.696329 0.748053 0.748053 0.714683 0.665184 0.582314 0.499444 0.466073 0.399333 0.365962 0.31535 0.331479 0.508899 0.525028 0.576752 0.697442 0.697442 0.665184 0.631813 0.499444 0.482202 0.432703 0.415462 0.382091 0.39822 0.478865 0.559511 0.644605 0.679088 0.781424 0.798665 0.782536
D:\Thesis\Chu_viet_tay\Experiments\Clustering\Clustering_2\data\em\em1\bc90c55c66916aa9b3c2ba5fcb365078.jpg 0.683537 0.683537 0.666296 0.580089 0.527252 0.457175 0.438821 0.437709 0.453838 0.469967 0.469967 0.469967 0.471079 0.815907 0.782536 0.766407 0.715795 0.666296 0.615684 0.547831 0.477753 0.525028 0.540044 0.573415 0.76307 0.764182 0.730812 0.665184 0.598443 0.531702 0.482202 0.432703 0.399333 0.431591 0.592881 0.610122 0.660734 0.679088 0.714683 0.698554 0.650167 0.566185 0.532814 0.516685 0.532814 0.483315 0.416574 0.432703 0.479978 0.593993 0.627364 0.695217 0.798665
D:\Thesis\Chu_viet_tay\Experiments\Clustering\Clustering_2\data\em\em1\c99ee0878398a4e9ad19a85578158fa8.jpg 0.942308 0.91958 0.877622 0.627622 0.517483 0.491259 0.487762 0.484266 0.503496 0.503496 0.522727 0.545455 0.568182 0.617133 0.916084 0.916084 0.874126 0.812937 0.748252 0.68007 0.65035 0.666084 0.685315 0.931818 0.935315 0.893357 0.874126 0.793706 0.606643 0.583916 0.561189 0.711538 0.75 0.772727 0.840909 0.977273 0.958042 0.916084 0.858392 0.896853 0.877622 0.732517 0.545455 0.538462 0.576923 0.657343 0.741259 0.809441 0.851399 0.874126 0.877622
D:\Thesis\Chu_viet_tay\Experiments\Clustering\Clustering_2\data\em\em1\cb694a73f701ad6aa9af7b0e5b8eec62.jpg 0.894872 0.894872 0.875641 0.85641 0.837179 0.801282 0.765385 0.537179 0.534615 0.587179 0.488462 0.485897 0.502564 0.5 0.519231 1 0.983333 0.947436 0.892308 0.839744 0.732051 0.605128 0.602564 0.561538 0.628205 0.644872 0.716667 0.908974 0.925641 0.908974 0.873077 0.784615 0.696154 0.624359 0.588462 0.569231 0.585897 0.719231 0.807692 0.846154 0.961538 0.980769 0.961538 0.908974 0.837179 0.767949 0.712821 0.660256 0.624359 0.588462 0.569231 0.569231 0.585897 0.688462 0.774359 0.829487 0.90641
D:\Thesis\Chu_viet_tay\Experiments\Clustering\Clustering_2\data\em\em1\d68cddc6a896b81b23bf8f634abd4876.jpg 0.767949 0.787179 0.748718 0.498718 0.460256 0.421795 0.402564 0.419231 0.419231 0.419231 0.438462 0.457692 0.823077 0.823077 0.823077 0.787179 0.751282 0.715385 0.662821 0.574359 0.533333 0.511539 0.542308 0.614103 0.746154 0.765385 0.765385 0.765385 0.729487 0.696154 0.607692 0.483333 0.464103 0.444872 0.478205 0.594872 0.630769 0.669231 0.746154 0.746154 0.729487 0.676923 0.712821 0.712821 0.607692 0.466667 0.447436 0.428205 0.411538 0.408974 0.525641 0.594872 0.65 0.729487
D:\Thesis\Chu_viet_tay\Experiments\Clustering\Clustering_2\data\em\em1\e30c385ad6da2d57f0a3f1a881d21622.jpg 0.787179 0.787179 0.767949 0.712821 0.676923 0.641026 0.605128 0.489744 0.48718 0.388462 0.385897 0.419231 0.435897 0.435897 0.455128 0.839744 0.839744 0.820513 0.784615 0.767949 0.679487 0.607692 0.552564 0.514103 0.478205 0.475641 0.525641 0.614103 0.707692 0.746154 0.746154 0.710256 0.621795 0.552564 0.516667 0.480769 0.478205 0.547436 0.580769 0.702564 0.741026 0.779487 0.798718 0.779487 0.69359 0.641026 0.588462 0.535897 0.5 0.480769 0.444872 0.461538 0.597436 0.630769 0.65
D:\Thesis\Chu_viet_tay\Experiments\Clustering\Clustering_2\data\em\em1\e318e5f68437c4c5465f1727b6ca49f4.jpg 0.823077 0.823077 0.803846 0.784615 0.767949 0.575641 0.539744 0.542308 0.597436 0.421795 0.438462 0.435897 0.435897 0.455128 0.49359 0.839744 0.839744 0.820513 0.784615 0.715385 0.660256 0.547436 0.544872 0.611538 0.664103 0.741026 0.817949 0.817949 0.817949 0.765385 0.801282 0.64359 0.466667 0.392308 0.373077 0.353846 0.370513 0.489744 0.539744 0.594872 0.707692 0.710256 0.674359 0.624359 0.535897 0.411538 0.392308 0.35641 0.35641 0.403846 0.539744 0.55641 0.652564 0.710256
D:\Thesis\Chu_viet_tay\Experiments\Clustering\Clustering_2\data\em\em1\f3b4e673f0cb25bce0fdc97ce14a9524.jpg 0.861905 0.845238 0.844048 0.82619 0.791667 0.596429 0.52619 0.52619 0.436905 0.419048 0.435714 0.434524 0.45119 0.469048 0.503571 0.895238 0.913095 0.929762 0.913095 0.895238 0.860714 0.82619 0.775 0.72381 0.603571 0.497619 0.478571 0.459524 0.509524 0.684524 0.772619 0.825 0.842857 0.82619 0.791667 0.775 0.791667 0.636905 0.447619 0.463095 0.546429 0.647619 0.716667 0.840476 0.911905 0.911905 0.877381 0.844048 0.860714 0.860714 0.860714 0.722619 0.567857 0.666667 0.7 0.767857 0.892857 0.982143 1
D:\Thesis\Chu_viet_tay\Experiments\Clustering\Clustering_2\data\em\em2\0a1fee2e4c279cfeb3f83a0aad2f63af.jpg 0.636905 0.638095 0.60119 0.582143 0.563095 0.527381 0.509524 0.491667 0.47381 0.455952 0.438095 0.59881 0.564286 0.564286 0.252381 0.217857 0.20119 0.166667 0.15 0.383333 0.383333 0.40119 0.40119 0.634524 0.6 0.514286 0.461905 0.409524 0.375 0.305952 0.438095 0.420238 0.420238 0.421429 0.386905 0.370238 0.353571 0.285714 0.269048 0.236905 0.221429 0.758333 0.561905 0.544048 0.52619 0.508333 0.490476 0.472619 0.388095 0.371429 0.236905 0.203571 0.170238
D:\Thesis\Chu_viet_tay\Experiments\Clustering\Clustering_2\data\em\em2\0b63379e9d0a4f3a3495678d439741a0.jpg 0.947368 0.916118 0.916118 0.884868 0.827303 0.827303 0.769737 0.796053 0.728618 0.692434 0.65625 0.625 0.59375 0.5625 0.5625 0.53125 0.53125 0.53125 0.504934 0.504934 0.504934 0.478618 0.473684 0.473684 0.504934 0.478618 0.457237 0.560855 0.472039 0.445724 0.419408 0.603618 0.603618 0.603618 0.546053 0.493421 0.498355 0.445724 0.481908 0.455592 0.424342 0.65625 0.65625 0.65625 0.625 0.625 0.625 0.598684 0.603618
D:\Thesis\Chu_viet_tay\Experiments\Clustering\Clustering_2\data\em\em2\112810156785e91a7c0af14f8d49d3ea.jpg 1 0.96875 0.9375 0.876838 0.876838 0.816176 0.784926 0.751838 0.720588 0.65625 0.625 0.533088 0.501838 0.501838 0.501838 0.472426 0.472426 0.472426 0.443015 0.472426 0.501838 0.501838 0.501838 0.472426 0.444853 0.540441 0.450368 0.389706 0.595588 0.595588 0.595588 0.595588 0.536765 0.477941 0.419118 0.391544 0.362132 0.301471 0.625 0.625 0.625 0.59375 0.59375 0.59375 0.625 0.908088
D:\Thesis\Chu_viet_tay\Experiments\Clustering\Clustering_2\data\em\em2\1ab219c63cf434cc0cec33a4cc2fd7c9.jpg 0.87931 0.87931 0.87931 0.855501 0.855501 0.855501 0.81445 0.81445 0.81445 0.81445 0.801314 0.747126 0.716749 0.686371 0.638752 0.591133 0.567324 0.543514 0.519704 0.478654 0.478654 0.478654 0.437603 0.437603 0.437603 0.420361 0.420361 0.178982 0.161741 0.513136 0.577997 0.917898 0.876847 0.818555 0.736453 0.654351 0.596059 0.537767 0.472906 0.390805 0.349754 0.349754 0.604269 0.64532 0.604269 0.563218 0.545977 0.504926 0.470443 0.429392 0.412151 0.377668 0.360427 0.366995 0.332512 0.36289 0.36289 0.673235 0.666667 0.642857 0.642857 0.642857 0.619048 0.601806 0.625616 0.608374 0.614943
D:\Thesis\Chu_viet_tay\Experiments\Clustering\Clustering_2\data\em\em2\20191a79cd2aa48a7d918c86371007e0.jpg 1 0.975 0.95 0.901191 0.901191 0.877381 0.828571 0.828571 0.779762 0.778571 0.75119 0.70119 0.675 0.65 0.625 0.6 0.575 0.55119 0.52619 0.52619 0.52619 0.502381 0.52619 0.52619 0.52619 0.527381 0.504762 0.605952 0.533333 0.509524 0.7 0.675 0.675 0.65119 0.627381 0.603571 0.555952 0.532143 0.509524 0.461905 0.389286 0.603571 0.602381 0.602381 0.602381 0.603571 0.579762 0.580952 0.582143
D:\Thesis\Chu_viet_tay\Experiments\Clustering\Clustering_2\data\em\em2\27c318a4d4c9bc56059997b4d7f0de9c.jpg 0.958333 0.908333 0.829167 0.8 0.75 0.725 0.7 0.675 0.65 0.625 0.65 0.829167 0.804167 0.554167 0.508333 0.508333 0.508333 0.4875 0.466667 0.466667 0.445833 0.529167 0.575 0.925 0.833333 0.741667 0.65 0.558333 0.491667 0.445833 0.379167 0.3375 0.5625 0.516667 0.495833 0.45 0.429167 0.3875 0.345833 0.304167 0.2875 0.270833 0.225 0.179167 0.158333 0.1125 0.0875 0.420833 0.420833 0.420833 0.4 0.404167 0.433333
D:\Thesis\Chu_viet_tay\Experiments\Clustering\Clustering_2\data\em\em2\2e4d5af2ca307c4807834ff89b2b824b.jpg 1 1 0.97619 0.955357 0.889881 0.866071 0.845238 0.800595 0.821429 0.791667 0.764881 0.738095 0.714286 0.690476 0.666667 0.666667 0.645833 0.645833 0.645833 0.645833 0.645833 0.669643 0.669643 0.693452 0.696429 0.770833 0.702381 0.636905 0.616071 0.595238 0.574405 0.741071 0.741071 0.717262 0.696429 0.654762 0.633929 0.592262 0.595238 0.553571 0.761905 0.761905 0.738095 0.738095 0.717262 0.696429 0.636905 0.619048
D:\Thesis\Chu_viet_tay\Experiments\Clustering\Clustering_2\data\em\em2\4433184851405a36c247a7ec53f45523.jpg 0.779762 0.779762 0.779762 0.755952 0.755952 0.71131 0.71131 0.642857 0.592262 0.565476 0.517857 0.494048 0.470238 0.446429 0.422619 0.39881 0.39881 0.377976 0.377976 0.232143 0.21131 0.21131 0.214286 0.401786 0.422619 0.446429 0.449405 0.526786 0.4375 0.392857 0.35119 0.330357 0.517857 0.517857 0.517857 0.497024 0.455357 0.434524 0.392857 0.395833 0.375 0.354167 0.541667 0.538691 0.538691 0.538691 0.538691 0.541667 0.541667 0.541667
D:\Thesis\Chu_viet_tay\Experiments\Clustering\Clustering_2\data\em\em2\48ad433ba4fbfa73f4c55fae87af479f.jpg 0.666667 0.666667 0.666667 0.642857 0.642857 0.598214 0.526786 0.5 0.473214 0.449405 0.425595 0.425595 0.401786 0.401786 0.380952 0.380952 0.380952 0.380952 0.360119 0.360119 0.339286 0.360119 0.380952 0.404762 0.502976 0.434524 0.345238 0.303571 0.261905 0.428571 0.428571 0.428571 0.407738 0.386905 0.345238 0.306548 0.309524 0.264881 0.264881 0.428571 0.449405 0.449405 0.449405 0.428571 0.452381 0.622024
D:\Thesis\Chu_viet_tay\Experiments\Clustering\Clustering_2\data\em\em2\4fea6c19316db56a2ac6003a3c4c990a.jpg 0.909091 0.931818 0.902406 0.879679 0.850267 0.73262 0.725936 0.68984 0.660428 0.601604 0.572193 0.572193 0.542781 0.513369 0.513369 0.490642 0.490642 0.490642 0.467914 0.415775 0.438503 0.490642 0.490642 0.784759 0.680481 0.605615 0.501337 0.455882 0.433155 0.410428 0.637701 0.637701 0.608289 0.608289 0.562834 0.51738 0.524064 0.508021 0.764706 0.735294 0.705882 0.705882 0.705882 0.676471 0.653743 0.631016 0.47861
D:\Thesis\Chu_viet_tay\Experiments\Clustering\Clustering_2\data\em\em2\5f11035e4c31fa47f8ca006d0bc80238.jpg 0.762032 0.791444 0.768717 0.73262 0.673797 0.667112 0.637701 0.608289 0.578877 0.578877 0.526738 0.497326 0.497326 0.497326 0.467914 0.467914 0.513369 0.513369 0.513369 0.542781 0.497326 0.687166 0.635027 0.68984 0.68984 0.660428 0.660428 0.614973 0.592246 0.546791 0.524064 0.47861 0.514706 0.491979 0.741979 0.712567 0.712567 0.683155 0.660428 0.660428 0.508021
D:\Thesis\Chu_viet_tay\Experiments\Clustering\Clustering_2\data\em\em2\66d48dbdb52b015a43cf4e1cb25f590e.jpg 0.775253 0.775253 0.775253 0.724747 0.719697 0.686869 0.631313 0.598485 0.542929 0.515152 0.487374 0.487374 0.464646 0.464646 0.464646 0.464646 0.441919 0.492424 0.492424 0.492424 0.492424 0.497475 0.540404 0.49495 0.421717 0.603535 0.603535 0.575758 0.55303 0.530303 0.484848 0.467172 0.472222 0.39899 0.376263 0.643939 0.616162 0.616162 0.588384 0.588384 0.588384 0.588384 0.588384 0.593434 0.954545
D:\Thesis\Chu_viet_tay\Experiments\Clustering\Clustering_2\data\em\em2\720910b98fd54c428e9eaa4b720e5c9c.jpg 0.947368 0.944272 0.944272 0.944272 0.888545 0.888545 0.862229 0.832817 0.832817 0.77709 0.71517 0.682663 0.650155 0.617647 0.588235 0.558824 0.558824 0.558824 0.558824 0.558824 0.532508 0.532508 0.532508 0.56192 0.535604 0.509288 0.565015 0.594427 0.80031 0.770898 0.659443 0.603715 0.521672 0.46904 0.416409 0.679567 0.650155 0.650155 0.623839 0.571207 0.518576 0.495356 0.498452 0.472136 0.416409 0.653251 0.650155 0.650155 0.650155 0.679567 0.682663
D:\Thesis\Chu_viet_tay\Experiments\Clustering\Clustering_2\data\em\em2\7f4f196a5e29d192394c2d1164fb64a6.jpg 1 0.975 0.975 0.927273 0.927273 0.879545 0.829545 0.777273 0.752273 0.727273 0.677273 0.652273 0.627273 0.602273 0.577273 0.552273 0.529545 0.552273 0.552273 0.552273 0.552273 0.554545 0.534091 0.661364 0.613636 0.565909 0.679545 0.679545 0.704545 0.679545 0.656818 0.611364 0.613636 0.568182 0.522727 0.75 0.725 0.725 0.725 0.702273 0.679545 0.656818 0.659091
D:\Thesis\Chu_viet_tay\Experiments\Clustering\Clustering_2\data\em\em2\8652cc797a1022a02f5cb4339438af87.jpg 0.98 0.98 0.98 0.957273 0.937273 0.914545 0.871818 0.780909 0.712727 0.687273 0.661818 0.636364 0.613636 0.613636 0.590909 0.568182 0.568182 0.568182 0.545455 0.545455 0.525455 0.502727 0.502727 0.482727 0.482727 0.262727 0.242727 0.222727 0.485455 0.548182 0.889091 0.823636 0.760909 0.675454 0.59 0.527273 0.441818 0.376364 0.356364 0.336364 0.316364 0.296364 0.593636 0.593636 0.550909 0.510909 0.448182 0.408182 0.368182 0.350909 0.356364 0.404545 0.341818 0.319091 0.596364 0.593636 0.593636 0.593636 0.550909 0.530909 0.553636
D:\Thesis\Chu_viet_tay\Experiments\Clustering\Clustering_2\data\em\em2\8eab6facc7a3f81015fb1e5eb2d761c3.jpg 0.638182 0.638182 0.638182 0.595455 0.595455 0.572727 0.552727 0.484545 0.439091 0.413636 0.390909 0.368182 0.345455 0.345455 0.322727 0.322727 0.3 0.28 0.28 0.302727 0.302727 0.282727 0.325455 0.53 0.507273 0.461818 0.419091 0.376364 0.310909 0.248182 0.348182 0.348182 0.370909 0.370909 0.328182 0.308182 0.310909 0.270909 0.208182 0.188182 0.368182 0.365455 0.365455 0.365455 0.345455 0.345455 0.348182 0.53 0.51
D:\Thesis\Chu_viet_tay\Experiments\Clustering\Clustering_2\data\em\em2\8ee04866f107f99465cd597891779bc9.jpg 0.660909 0.660909 0.660909 0.638182 0.615455 0.572727 0.572727 0.53 0.507273 0.481818 0.456364 0.410909 0.388182 0.365455 0.342727 0.342727 0.322727 0.3 0.3 0.3 0.3 0.28 0.32 0.32 0.342727 0.322727 0.419091 0.376364 0.333636 0.270909 0.250909 0.210909 0.368182 0.368182 0.368182 0.325455 0.285455 0.288182 0.228182 0.230909 0.408182 0.408182 0.408182 0.408182 0.388182 0.388182 0.436364
D:\Thesis\Chu_viet_tay\Experiments\Clustering\Clustering_2\data\em\em2\a44d6d09bd857f4a2a8ef97e52c806e2.jpg 1 0.983871 0.968719 0.937439 0.937439 0.906158 0.891007 0.890029 0.889052 0.855816 0.823558 0.806452 0.774194 0.741935 0.725806 0.678397 0.662268 0.646139 0.614858 0.598729 0.5826 0.567449 0.399805 0.353372 0.353372 0.322092 0.322092 0.30694 0.307918 0.277615 0.294721 0.293744 0.529814 0.765885 0.749756 0.717498 0.701369 0.670088 0.622678 0.576246 0.528837 0.482405 0.403715 0.388563 0.35826 0.343109 0.585533 0.585533 0.554252 0.539101 0.492669 0.477517 0.463343 0.43304 0.418866 0.453079 0.437928 0.421799 0.406647 0.359238 0.312805 0.296676 0.265396 0.218964 0.202835 0.505865 0.504888 0.504888 0.488759 0.473607 0.473607 0.474585 0.459433 0.265396 0.370479 0.326002
D:\Thesis\Chu_viet_tay\Experiments\Clustering\Clustering_2\data\em\em2\ae0ed9ee4be9174c0e2a7329d0beff4c.jpg 0.530792 0.530792 0.530792 0.514663 0.499511 0.483382 0.468231 0.451124 0.434018 0.416911 0.399805 0.383675 0.367546 0.351417 0.351417 0.335288 0.335288 0.320137 0.320137 0.320137 0.320137 0.304985 0.304985 0.304985 0.482405 0.434995 0.403715 0.357283 0.326002 0.31085 0.27957 0.38563 0.38563 0.38563 0.369501 0.35435 0.339198 0.324047 0.309873 0.294721 0.264418 0.35435 0.369501 0.369501 0.369501 0.35435 0.370479
D:\Thesis\Chu_viet_tay\Experiments\Clustering\Clustering_2\data\em\em2\b0959077a6f2ba4b6f85e92bd6eff5bf.jpg 0.593353 0.593353 0.593353 0.593353 0.577224 0.545943 0.514663 0.514663 0.483382 0.434995 0.40176 0.400782 0.368524 0.352395 0.336266 0.320137 0.320137 0.304008 0.304008 0.304008 0.288856 0.288856 0.288856 0.288856 0.304008 0.320137 0.465298 0.434018 0.371457 0.325024 0.35435 0.35435 0.35435 0.339198 0.308895 0.293744 0.27957 0.233138 0.384653 0.399805 0.399805 0.384653 0.384653 0.369501 0.309873
D:\Thesis\Chu_viet_tay\Experiments\Clustering\Clustering_2\data\em\em2\c099c11c0e672a1b5042f80154a989f5.jpg 1 0.966667 0.966667 0.903922 0.87451 0.87451 0.841177 0.807843 0.770588 0.733333 0.7 0.666667 0.633333 0.6 0.566667 0.533333 0.533333 0.533333 0.503922 0.503922 0.503922 0.537255 0.566667 0.566667 0.570588 0.703922 0.582353 0.490196 0.460784 0.607843 0.603922 0.603922 0.541176 0.511765 0.482353 0.423529 0.394118 0.368627 0.666667 0.633333 0.633333 0.633333 0.633333 0.637255 0.607843 0.87451
D:\Thesis\Chu_viet_tay\Experiments\Clustering\Clustering_2\data\em\em2\d3636f5f5289737935fd1f009258a147.jpg 1 1 0.978261 0.956522 0.934783 0.913043 0.891304 0.869565 0.847826 0.804348 0.782609 0.76087 0.73913 0.717391 0.695652 0.695652 0.673913 0.630435 0.586957 0.586957 0.565217 0.543478 0.521739 0.5 0.5 0.5 0.5 0.478261 0.478261 0.478261 0.326087 0.282609 0.23913 0.23913 0.217391 0.108696 0.108696 0.413043 0.434783 0.456522 0.673913 0.586957 0.5 0.434783 0.369565 0.304348 0.23913 0.217391 0.195652 0.173913 0.152174 0.521739 0.521739 0.478261 0.434783 0.413043 0.369565 0.326087 0.304348 0.282609 0.23913 0.217391 0.195652 0.173913 0.130435 0.0869565 0.0869565 0.304348 0.5 0.521739 0.5 0.5 0.478261 0.478261 0.478261 0.478261 0.456522
D:\Thesis\Chu_viet_tay\Experiments\Clustering\Clustering_2\data\em\em2\d4a5de8665d516713381125b7e3fa962.jpg 0.872126 0.872126 0.872126 0.851293 0.834052 0.813218 0.757902 0.792385 0.788793 0.781609 0.757184 0.732759 0.691092 0.670259 0.649425 0.628592 0.607759 0.586925 0.586925 0.566092 0.548851 0.528017 0.528017 0.489943 0.489943 0.472701 0.472701 0.472701 0.45546 0.45546 0.472701 0.548851 0.903017 0.844109 0.76796 0.712644 0.653736 0.594828 0.556753 0.497845 0.442529 0.383621 0.366379 0.349138 0.576868 0.614943 0.597701 0.542385 0.525144 0.469828 0.435345 0.418103 0.366379 0.369971 0.377155 0.359914 0.33908 0.645833 0.645833 0.645833 0.645833 0.628592 0.611351 0.632184 0.656609 0.931034
D:\Thesis\Chu_viet_tay\Experiments\Clustering\Clustering_2\data\em\em2\d6020fb2ef06c4b72903284ff38b4274.jpg 1 0.96875 0.9375 0.9375 0.876838 0.814338 0.720588 0.658088 0.65625 0.625 0.59375 0.5625 0.5625 0.501838 0.501838 0.501838 0.533088 0.503676 0.503676 0.533088 0.533088 0.533088 0.534926 0.569853 0.509191 0.450368 0.420956 0.391544 0.536765 0.566176 0.566176 0.566176 0.507353 0.479779 0.420956 0.391544 0.625 0.625 0.625 0.625 0.595588 0.626838 0.876838 0.847426 0.786765
D:\Thesis\Chu_viet_tay\Experiments\Clustering\Clustering_2\data\em\em2\dda88abcf837fe0976eaf5803ceb54c1.jpg 0.925926 0.925926 0.903199 0.830808 0.822391 0.776936 0.75 0.727273 0.704545 0.681818 0.659091 0.636364 0.613636 0.572391 0.572391 0.776936 0.776936 0.531145 0.508417 0.244949 0.226431 0.467172 0.522727 0.545455 0.526936 0.535354 0.835017 0.752525 0.688552 0.624579 0.564815 0.459596 0.41835 0.640572 0.644781 0.64899 0.630471 0.570707 0.552189 0.515152 0.496633 0.482323 0.509259 0.49495 0.430976 0.408249 0.389731 0.325758 0.603535 0.580808 0.580808 0.558081 0.539562 0.539562 0.521044 0.543771
D:\Thesis\Chu_viet_tay\Experiments\Clustering\Clustering_2\data\em\em2\e023e5b5775ded3d9bc9d4fc82784737.jpg 1 0.983871 0.967742 0.935484 0.919355 0.903226 0.870968 0.870968 0.83871 0.806452 0.806452 0.790323 0.774194 0.741935 0.741935 0.725806 0.725806 0.709677 0.693548 0.677419 0.645161 0.612903 0.596774 0.564516 0.548387 0.532258 0.516129 0.516129 0.5 0.483871 0.483871 0.467742 0.596774 0.580645 0.435484 0.419355 0.403226 0.177419 0.483871 0.467742 0.483871 0.467742 0.451613 0.629032 0.596774 0.548387 0.5 0.435484 0.403226 0.370968 0.33871 0.322581 0.322581 0.322581 0.306452 0.290323 0.548387 0.548387 0.516129 0.483871 0.467742 0.435484 0.403226 0.387097 0.370968 0.33871 0.306452 0.290323 0.274194 0.274194 0.241935 0.241935 0.596774 0.596774 0.596774 0.596774 0.580645 0.580645 0.580645 0.596774
D:\Thesis\Chu_viet_tay\Experiments\Clustering\Clustering_2\data\em\em2\fee7ad0cb8b5efb81fbe4033ad9b0530.jpg 1 0.96875 0.911184 0.884868 0.858553 0.827303 0.800987 0.822368 0.817434 0.786184 0.754934 0.692434 0.661184 0.598684 0.567434 0.509868 0.509868 0.478618 0.452303 0.452303 0.478618 0.478618 0.478618 0.452303 0.399671 0.404605 0.503289 0.419408 0.629934 0.629934 0.661184 0.634868 0.608553 0.555921 0.534539 0.508224 0.481908 0.71875 0.6875 0.6875 0.65625 0.65625 0.629934 0.603618 0.634868 0.858553 0.832237 0.805921
