D:\Thesis\Chu_viet_tay\Experiments\Clustering\Clustering_2\data\ta\ta1\004234dce43427d648bff8bef276765c.jpg 0.00239403 0.110407 0.182791 0.217153 0.182228 0.145332 0.147022 0.112519 0.146177 0.115477 0.148852 0.325729 0.751725 0.783692 1 0.786509 0.680327 0.539079 0.326855 0.292494 0.185044 0.00464723 0.00549218 0.00816786 0.00436558 0.00521053 0.00352063 0.328123 0.466272 0.645825 0.714547 0.428813 0.395156 0.394592 0.396705 0.467399 0.429939 0.39586 0.324321 0.253204 0.181805 0.360513 0.43008 0.500775 0.536685 0.253204 0.146599 0.146177 0.181242 0.215885 0.18082 0.18251 0.109844
D:\Thesis\Chu_viet_tay\Experiments\Clustering\Clustering_2\data\ta\ta1\015718f4e981de0d1bd409faeabb9695.jpg 0.0319063 0.0907298 0.119387 0.148277 0.148509 0.148161 0.119387 0.118807 0.124724 0.122752 0.122404 0.768419 0.913331 1 0.973083 0.561434 0.326256 0.237847 0.239703 0.238195 0.179951 0.0630004 0.0334146 0.177979 0.297598 0.414085 0.502727 0.442859 0.327648 0.268593 0.268361 0.267664 0.266968 0.267548 0.179487 0.180647 0.181111 0.209421 0.267316 0.297134 0.324168 0.295278 0.266736 0.178675 0.150249 0.12078 0.12078 0.119271 0.119503 0.119155 0.119271
D:\Thesis\Chu_viet_tay\Experiments\Clustering\Clustering_2\data\ta\ta1\05276058a2041d3d73ab892e0d44ee61.jpg 0.0720367 0.105043 0.103995 0.137917 0.138834 0.206811 0.766208 0.931369 1 0.96516 0.531631 0.369221 0.333857 0.271513 0.202881 0.0713818 0.0365422 0.00301244 0.00628684 0.00471513 0.0048461 0.00366732 0.169614 0.434316 0.467453 0.56516 0.332155 0.301506 0.336346 0.30072 0.301244 0.301244 0.203405 0.00510806 0.201834 0.333988 0.400262 0.33294 0.203012 0.167125 0.168173 0.166208 0.137132
D:\Thesis\Chu_viet_tay\Experiments\Clustering\Clustering_2\data\ta\ta1\0587330eb0ae48c4d62754faf75dbe7d.jpg 0.164252 0.166299 0.204094 0.285197 0.484252 0.877795 0.924409 1 0.798583 0.562362 0.602835 0.442835 0.402205 0.402362 0.364409 0.323465 0.160315 0.16252 0.124094 0.126929 0.24252 0.479685 0.557953 0.599528 0.55937 0.52 0.52 0.51874 0.479213 0.440157 0.438583 0.440315 0.48 0.361102 0.242047 0.203465 0.203622 0.200157 0.202835 0.202835 0.121575
D:\Thesis\Chu_viet_tay\Experiments\Clustering\Clustering_2\data\ta\ta1\06cf7805c311aa2676c00150739d0d17.jpg 0.00142591 0.0840189 0.139958 0.167489 0.139191 0.111111 0.0836898 0.112647 0.255018 0.726006 0.973017 1 0.834156 0.503345 0.312054 0.254689 0.253482 0.225732 0.168915 0.141384 0.0586816 0.14292 0.390699 0.5017 0.557091 0.50159 0.27882 0.224745 0.225622 0.224745 0.253812 0.252605 0.281891 0.225952 0.14303 0.0607656 0.281672 0.419217 0.419765 0.280904 0.166941 0.112866
D:\Thesis\Chu_viet_tay\Experiments\Clustering\Clustering_2\data\ta\ta1\0992fa3a4101bd523400fd0cb7ba439e.jpg 0.0025969 0.0506877 0.0993556 0.124459 0.0998365 0.100414 0.149947 0.222949 0.637972 0.879484 0.927383 1 0.393864 0.248822 0.198038 0.198615 0.17255 0.100125 0.173127 0.319515 0.415312 0.415697 0.342118 0.269693 0.295662 0.270174 0.294412 0.293931 0.343561 0.392709 0.391748 0.294412 0.172646 0.124267 0.124074 0.0994518
D:\Thesis\Chu_viet_tay\Experiments\Clustering\Clustering_2\data\ta\ta1\09b43dd841cec875d076d38459240e18.jpg 0.00250597 0.0926014 0.12315 0.183413 0.182697 0.153699 0.153103 0.12315 0.12315 0.0920048 0.0931981 0.0939141 0.0922434 0.0931981 0.123986 0.123031 0.278401 0.758831 0.877685 1 0.848449 0.759189 0.639737 0.396659 0.245704 0.186158 0.0945107 0.0652745 0.0638425 0.36611 0.394869 0.486158 0.427924 0.3358 0.335561 0.276492 0.215394 0.277685 0.215513 0.18568 0.126372 0.00572792 0.156325 0.277327 0.335919 0.364678 0.215871 0.185084 0.182339 0.181742 0.182339 0.121838
D:\Thesis\Chu_viet_tay\Experiments\Clustering\Clustering_2\data\ta\ta1\0a13472a1d09aacaa937a6965a9df110.jpg 0.00586286 0.104767 0.170405 0.167601 0.138669 0.200484 0.297859 0.489039 0.84336 0.939332 1 0.749809 0.586668 0.49299 0.394596 0.301045 0.262044 0.231328 0.230436 0.201886 0.133826 0.0419322 0.00853938 0.00560795 0.00700994 0.263956 0.39141 0.487255 0.519245 0.389625 0.358654 0.358527 0.326918 0.294035 0.328703 0.329085 0.325644 0.392684 0.358527 0.229926 0.227632 0.196661 0.194876 0.195386 0.163523 0.0992863
D:\Thesis\Chu_viet_tay\Experiments\Clustering\Clustering_2\data\ta\ta1\104589e3296fecd55d0760b505fc0bde.jpg 0.00328407 0.0870279 0.114943 0.114505 0.114943 0.113957 0.143295 0.418938 0.613465 0.807115 0.942091 1 0.667652 0.446743 0.173727 0.088451 0.0591133 0.00536398 0.00547345 0.0586754 0.251341 0.362999 0.445758 0.445101 0.308374 0.279693 0.280022 0.252436 0.198577 0.115599 0.0858238 0.0592228 0.0871374 0.306404 0.362781 0.362671 0.19584 0.170553 0.114943 0.113629 0.111987 0.0836344 0.0851669 0.0839628 0.0575807
D:\Thesis\Chu_viet_tay\Experiments\Clustering\Clustering_2\data\ta\ta1\1d501053e4535489ce2491ba617ec8fd.jpg 0.003947 0.147308 0.145898 0.182408 0.18424 0.146744 0.150268 0.218495 0.788836 0.89907 1 0.719481 0.646039 0.468142 0.327883 0.256978 0.146603 0.111926 0.146744 0.111785 0.431632 0.535805 0.749789 0.786157 0.468706 0.361009 0.325486 0.324218 0.362419 0.362701 0.183535 0.255286 0.290245 0.465605 0.536651 0.60812 0.466591 0.180857 0.182126 0.218776 0.181562 0.181703 0.181844
D:\Thesis\Chu_viet_tay\Experiments\Clustering\Clustering_2\data\ta\ta1\23dd2a8ba83cbdecab4dcd7a4ecba315.jpg 0.00353357 0.081376 0.107566 0.13386 0.133028 0.160154 0.134587 0.132613 0.110268 0.13729 0.189877 0.557369 0.842029 0.922365 1 0.531179 0.265849 0.239036 0.187071 0.0830389 0.084286 0.0821035 0.268136 0.31906 0.370297 0.44814 0.318021 0.290896 0.239555 0.291208 0.239243 0.265329 0.213053 0.10767 0.0560175 0.004365 0.00353357 0.0036375 0.213885 0.318541 0.343276 0.239867 0.185305 0.135003 0.134172 0.0826232
D:\Thesis\Chu_viet_tay\Experiments\Clustering\Clustering_2\data\ta\ta1\26913ccdab94e79c758c9511eedf941a.jpg 0.00180851 0.0815957 0.109043 0.10883 0.109255 0.112128 0.110957 0.110426 0.489043 0.838085 1 0.99883 0.760106 0.407447 0.301809 0.245745 0.19266 0.0579787 0.0846808 0.0561702 0.0588298 0.0304255 0.0319149 0.0565957 0.325 0.458936 0.540638 0.514681 0.35383 0.300851 0.245426 0.24617 0.245106 0.217979 0.218936 0.164043 0.111809 0.057234 0.0602128 0.192979 0.245106 0.298936 0.246064 0.190957 0.19 0.137553 0.110213
D:\Thesis\Chu_viet_tay\Experiments\Clustering\Clustering_2\data\ta\ta1\2843fa08b4668868a08a064ce0d75cf1.jpg 0.0781659 0.0809316 0.115284 0.116448 0.151965 0.521834 0.740611 0.889083 0.9623 1 0.704076 0.669578 0.520815 0.411936 0.301892 0.189811 0.116303 0.00524017 0.00684134 0.00494905 0.188937 0.372635 0.483261 0.556332 0.664774 0.40786 0.408442 0.372198 0.371325 0.373508 0.373945 0.298399 0.33639 0.188355 0.260844 0.408879 0.554876 0.555458 0.482824 0.187773
D:\Thesis\Chu_viet_tay\Experiments\Clustering\Clustering_2\data\ta\ta1\3175a1a63111f147ddf3964b55b9c175.jpg 0.030714 0.0890125 0.088433 0.0888966 0.0883171 0.0886648 0.0891284 0.088433 0.0909828 0.0908669 0.0924896 0.0915624 0.123435 0.561776 0.853384 0.970909 1 0.531989 0.267269 0.15044 0.122276 0.15102 0.151252 0.148702 0.121117 0.00486787 0.00231803 0.268081 0.383751 0.442165 0.382823 0.236208 0.237599 0.294274 0.325684 0.324061 0.32522 0.471256 0.442049 0.411915 0.412147 0.382939 0.150093 0.148006 0.149629 0.14847 0.12019 0.12019
D:\Thesis\Chu_viet_tay\Experiments\Clustering\Clustering_2\data\ta\ta1\328c5faa6550d29e0d4974b7bb1ff9c2.jpg 0.0416983 0.117362 0.11812 0.155572 0.156331 0.154663 0.156027 0.156937 0.160273 0.350265 0.733434 0.847309 1 0.923275 0.810462 0.696133 0.388628 0.158757 0.161486 0.542077 0.734496 0.80561 0.924185 0.732676 0.426839 0.388931 0.388476 0.429265 0.387111 0.389992 0.274602 0.118878 0.158757 0.275663 0.467172 0.654132 0.693556 0.73207 0.233207 0.195906 0.196664 0.193783 0.194086 0.196209 0.196209
D:\Thesis\Chu_viet_tay\Experiments\Clustering\Clustering_2\data\ta\ta1\333bca3b87cdedecd78f5666d53eab8b.jpg 0.0363326 0.102964 0.135624 0.136674 0.105325 0.139035 0.139822 0.535414 0.867655 0.930745 1 0.666973 0.670252 0.468389 0.338405 0.303253 0.23649 0.103882 0.0717471 0.0396118 0.270068 0.401102 0.498951 0.566894 0.533578 0.401102 0.400708 0.402151 0.404119 0.403725 0.402151 0.369229 0.401102 0.369753 0.400708 0.432844 0.301941 0.235047 0.170252 0.136674 0.134182 0.13405 0.134182
D:\Thesis\Chu_viet_tay\Experiments\Clustering\Clustering_2\data\ta\ta1\36b8fc5798bbb0cad5d1c24d5ce1511d.jpg 0.000835223 0.0929483 0.0927097 0.122062 0.121823 0.122062 0.122658 0.122062 0.336117 0.700632 0.880682 0.938909 1 0.728433 0.610428 0.367856 0.305214 0.154874 0.00417611 0.00453407 0.154993 0.42477 0.547548 0.5454 0.486935 0.275027 0.273595 0.244362 0.214533 0.155232 0.185181 0.21501 0.274908 0.334805 0.335044 0.244362 0.183033 0.12421 0.0922324 0.0929483
D:\Thesis\Chu_viet_tay\Experiments\Clustering\Clustering_2\data\ta\ta1\3f93b8b0b747b2ef50378aa61d63ff0e.jpg 0.00216567 0.109096 0.14131 0.175961 0.173389 0.175284 0.13928 0.141716 0.280319 0.41811 0.758527 0.897537 1 0.962371 0.791554 0.759339 0.553736 0.379534 0.379534 0.279913 0.209935 0.110449 0.00730915 0.00487277 0.0044667 0.0044667 0.00609096 0.344884 0.447753 0.584461 0.617488 0.414185 0.380211 0.345831 0.348403 0.348267 0.313346 0.279778 0.244992 0.3817 0.482539 0.515972 0.51516 0.278831 0.208175 0.173389 0.141852
D:\Thesis\Chu_viet_tay\Experiments\Clustering\Clustering_2\data\ta\ta1\406c0e70e32cd0fa08299a9d4673c261.jpg 0.00246214 0.0954081 0.1577 0.157331 0.187985 0.18897 0.156839 0.15807 0.158685 0.160409 0.160409 0.158439 0.160163 0.161886 0.469162 0.657146 0.877139 0.967623 1 0.782223 0.501416 0.316139 0.286963 0.255078 0.222085 0.128647 0.096393 0.0354549 0.00283147 0.0051705 0.19057 0.377447 0.469408 0.534162 0.471131 0.4081 0.345439 0.316262 0.345316 0.314908 0.31417 0.347285 0.4374 0.50117 0.593992 0.595223 0.437892 0.253108 0.189708 0.189216 0.158808 0.127047
D:\Thesis\Chu_viet_tay\Experiments\Clustering\Clustering_2\data\ta\ta1\45ccfafed14db14b2af476fd30aecc3f.jpg 0.02796 0.104573 0.104976 0.130211 0.129303 0.130918 0.131321 0.106188 0.107803 0.109619 0.109115 0.465529 0.743111 0.924599 1 0.617442 0.386696 0.260826 0.182598 0.133037 0.0311901 0.00555163 0.106288 0.309074 0.38498 0.436257 0.360048 0.309175 0.232765 0.232462 0.206521 0.233068 0.206924 0.157263 0.105986 0.106087 0.20753 0.285758 0.258807 0.311093 0.232765 0.206117 0.181084 0.155143 0.130413 0.104169 0.0789341
D:\Thesis\Chu_viet_tay\Experiments\Clustering\Clustering_2\data\ta\ta1\49226484dcac9a656f699dd3da6e8d9b.jpg 0.00109397 0.056996 0.11257 0.111257 0.112679 0.111804 0.111913 0.11246 0.116289 0.115633 0.696313 0.944973 1 0.834701 0.58626 0.309922 0.224811 0.170769 0.169456 0.114211 0.0320534 0.0321628 0.00437589 0.00492287 0.0039383 0.114648 0.307406 0.418007 0.47194 0.418663 0.334209 0.335631 0.307516 0.252817 0.142654 0.0040477 0.086752 0.252161 0.306203 0.335412 0.222186 0.166503 0.140247 0.112132 0.111585 0.139153
D:\Thesis\Chu_viet_tay\Experiments\Clustering\Clustering_2\data\ta\ta1\4b4354b0ca31e2656fd0736e3c5ad580.jpg 0.00179917 0.0881592 0.117396 0.117058 0.118408 0.0891713 0.0899584 0.117845 0.288204 0.828629 0.940065 1 0.88609 0.261217 0.149556 0.147869 0.175082 0.145845 0.145508 0.0312605 0.00393568 0.00382323 0.00337344 0.00168672 0.316991 0.399978 0.51445 0.430338 0.345215 0.315417 0.344091 0.315304 0.288879 0.231306 0.230968 0.118295 0.0899584 0.116946 0.174857 0.201057 0.172833 0.144383 0.0879343
D:\Thesis\Chu_viet_tay\Experiments\Clustering\Clustering_2\data\ta\ta1\4b86e77f85ddfce0d55ace875bd1a880.jpg 0.00431619 0.128253 0.130719 0.129486 0.128499 0.128376 0.315945 0.502898 0.660254 0.721297 0.967937 1 0.874337 0.752621 0.349365 0.255149 0.188679 0.00443951 0.00406955 0.00604267 0.316562 0.440622 0.532865 0.624738 0.377728 0.348378 0.286225 0.287828 0.317795 0.347515 0.286595 0.254779 0.347885 0.564681 0.533605 0.535331 0.532495 0.226538 0.161302 0.193612 0.191392 0.220989 0.190036 0.128006 0.126403 0.0972993
D:\Thesis\Chu_viet_tay\Experiments\Clustering\Clustering_2\data\ta\ta1\4ce4c8204ba8ba9b16dc14a58d20040a.jpg 0.0792064 0.0784492 0.116917 0.116159 0.117522 0.118582 0.11828 0.118431 0.237013 0.697259 0.846131 1 0.9267 0.732697 0.737846 0.656065 0.42617 0.197637 0.00938967 0.0081781 0.00575496 0.0428593 0.309405 0.54036 0.653945 0.615175 0.387097 0.347418 0.346812 0.350144 0.389066 0.310919 0.273966 0.121157 0.0466455 0.119794 0.234439 0.386642 0.501136 0.539149 0.346509 0.271695 0.194609 0.157504
D:\Thesis\Chu_viet_tay\Experiments\Clustering\Clustering_2\data\ta\ta1\4f39ebbe1e2b9a28207be3763595deaa.jpg 0.00288517 0.0766494 0.102135 0.103289 0.199173 0.612137 0.853626 0.904789 1 0.70754 0.48971 0.343816 0.247932 0.200231 0.175515 0.149452 0.0775149 0.0526063 0.00413541 0.00528948 0.174168 0.294864 0.369109 0.415561 0.392287 0.270917 0.221196 0.246971 0.246778 0.295538 0.27236 0.246297 0.27111 0.196865 0.295249 0.294576 0.391902 0.391037 0.223024 0.197249 0.123004 0.123678 0.123581 0.123101 0.0988652
D:\Thesis\Chu_viet_tay\Experiments\Clustering\Clustering_2\data\ta\ta1\568f5977b2f72b439d4db7c61a1ffe36.jpg 0.00106394 0.0823492 0.109586 0.16257 0.136291 0.135866 0.137142 0.111076 0.11331 0.112778 0.113416 0.678902 0.811363 0.945952 1 0.998936 0.625386 0.408767 0.274285 0.140866 0.114587 0.0888392 0.00638366 0.00361741 0.0037238 0.166188 0.244707 0.324715 0.404724 0.405469 0.379934 0.32546 0.271518 0.273859 0.245452 0.19268 0.191829 0.164698 0.245877 0.297585 0.299074 0.244494 0.164166 0.164698 0.110224 0.13661 0.109267
D:\Thesis\Chu_viet_tay\Experiments\Clustering\Clustering_2\data\ta\ta1\593bfce32b754002fd619ac964fcd708.jpg 0.00406261 0.0644043 0.124627 0.125344 0.127255 0.155455 0.396105 0.69853 0.88075 1 0.939897 0.518341 0.396822 0.307922 0.306847 0.218545 0.154379 0.12618 0.123551 0.124627 0.0948739 0.125463 0.36444 0.455013 0.456924 0.516908 0.396224 0.336002 0.309236 0.308161 0.276855 0.275302 0.244593 0.218067 0.305293 0.334449 0.36671 0.395746 0.425379 0.276975 0.153901 0.124029 0.0930816
D:\Thesis\Chu_viet_tay\Experiments\Clustering\Clustering_2\data\ta\ta1\59b9fe4db0f40d70b1e1a11cb79d8913.jpg 0.00118312 0.101354 0.134876 0.134218 0.133693 0.134481 0.13435 0.135007 0.104246 0.105166 0.107401 0.10727 0.172341 0.436834 0.736033 0.867359 1 0.903773 0.834757 0.569738 0.43736 0.307217 0.306428 0.272907 0.234126 0.00276062 0.00354936 0.00262916 0.00525831 0.00289207 0.403444 0.504798 0.601946 0.399632 0.336532 0.301827 0.268568 0.268963 0.269094 0.237281 0.138557 0.105692 0.138162 0.235967 0.335349 0.337715 0.271461 0.201788 0.168266 0.134744 0.134744 0.135007 0.134087 0.10096
D:\Thesis\Chu_viet_tay\Experiments\Clustering\Clustering_2\data\ta\ta1\5ad495b60a4ef8cca2bc3d5c6d468061.jpg 0.00566502 0.100493 0.0996305 0.130665 0.131034 0.130665 0.286946 0.752217 0.90702 1 0.752094 0.409483 0.381034 0.317857 0.162315 0.0681034 0.00418719 0.00480296 0.0044335 0.0044335 0.00578818 0.00517241 0.252586 0.467734 0.534975 0.624631 0.408621 0.344458 0.285468 0.285714 0.315148 0.314655 0.252586 0.378202 0.533621 0.563054 0.595074 0.284236 0.160468 0.160837 0.187808 0.126724
D:\Thesis\Chu_viet_tay\Experiments\Clustering\Clustering_2\data\ta\ta1\5dbbcce3cc09b86a4873ca809f42e5b4.jpg 0.00528565 0.0625281 0.0908682 0.176901 0.404071 0.74269 0.912843 1 0.94287 0.488192 0.3204 0.175439 0.176563 0.147661 0.176563 0.175776 0.144287 0.0592668 0.00292398 0.00191183 0.00247413 0.00292398 0.00236167 0.00213675 0.344579 0.459402 0.51462 0.40126 0.344017 0.288686 0.287562 0.315902 0.372919 0.344692 0.343567 0.373707 0.428138 0.430499 0.51507 0.373032 0.258884 0.175214 0.146761 0.116622 0.117634 0.117634
D:\Thesis\Chu_viet_tay\Experiments\Clustering\Clustering_2\data\ta\ta1\5f626658161bd4573c68d3e51d08f577.jpg 0.00187424 0.0729079 0.0967107 0.095961 0.12042 0.119576 0.119576 0.0964296 0.0987724 0.0993346 0.123887 0.71624 0.881548 0.976572 1 0.975729 0.358729 0.240465 0.146378 0.0513541 0.0521975 0.0514478 0.0527598 0.00215537 0.00412332 0.00290507 0.00318621 0.241215 0.311592 0.382532 0.333802 0.334458 0.263518 0.264268 0.240184 0.239996 0.218161 0.217037 0.191547 0.192484 0.214225 0.262019 0.238028 0.214788 0.192203 0.120232 0.0973667
D:\Thesis\Chu_viet_tay\Experiments\Clustering\Clustering_2\data\ta\ta1\62dbb6608627e259590b9d9be6fa1b20.jpg 0.0317277 0.0914775 0.0908986 0.118921 0.119731 0.119731 0.12031 0.122858 0.152617 0.328624 0.824572 0.914428 0.971051 1 0.56056 0.559403 0.412344 0.324919 0.294928 0.239115 0.210862 0.0625289 0.0635711 0.0629921 0.0616026 0.17925 0.295739 0.442566 0.470704 0.471515 0.35352 0.326308 0.324919 0.295507 0.266095 0.324108 0.295739 0.324108 0.501505 0.470241 0.44164 0.237378 0.179481 0.149375 0.121468
D:\Thesis\Chu_viet_tay\Experiments\Clustering\Clustering_2\data\ta\ta1\697a3cc4f26a40fecf1ea000bb4f3e33.jpg 0.00149174 0.082472 0.0814065 0.135749 0.135855 0.135003 0.134683 0.109323 0.111987 0.112307 0.112307 0.114331 0.11284 0.542888 0.945658 1 0.974321 0.84081 0.193181 0.00596697 0.00554076 0.00532765 0.0052211 0.00266383 0.245178 0.326052 0.433564 0.459883 0.300053 0.299201 0.24667 0.218753 0.21918 0.165157 0.0577517 0.00490144 0.00404901 0.00415557 0.0574321 0.191689 0.379648 0.459776 0.458391 0.271071 0.136494
D:\Thesis\Chu_viet_tay\Experiments\Clustering\Clustering_2\data\ta\ta1\6aa7e24cebd5a964cb7793e2a93bbe61.jpg 0.00125 0.0500962 0.0982692 0.0975 0.122788 0.122788 0.0984615 0.0992308 0.100481 0.102885 0.102212 0.100962 0.102981 0.393173 0.928462 0.950673 1 0.976058 0.515192 0.250769 0.104712 0.0784615 0.102885 0.102885 0.100385 0.198365 0.31875 0.367019 0.391635 0.318942 0.271731 0.246346 0.246058 0.246731 0.222308 0.174904 0.0759615 0.101827 0.197115 0.368558 0.390385 0.365865 0.221154 0.125192 0.0999038 0.101442
D:\Thesis\Chu_viet_tay\Experiments\Clustering\Clustering_2\data\ta\ta1\6b1a0fcc10aaecc1d3c35e190704e26f.jpg 0.0421529 0.115519 0.153442 0.115957 0.116832 0.115082 0.448075 0.670362 0.890753 1 0.779317 0.670799 0.524358 0.376459 0.301634 0.228705 0.225204 0.262252 0.33591 0.227538 0.0421529 0.00627188 0.00743874 0.00422987 0.00510502 0.0075846 0.0796383 0.337806 0.51867 0.63273 0.594224 0.446616 0.375438 0.372958 0.412194 0.37325 0.409714 0.445887 0.632585 0.630834 0.629813 0.262835 0.188594 0.151254 0.152421 0.151254 0.150671 0.150817
D:\Thesis\Chu_viet_tay\Experiments\Clustering\Clustering_2\data\ta\ta1\746403ad0db57ece1ef5309c930773dd.jpg 0.00211929 0.0784136 0.154102 0.154859 0.1538 0.155313 0.154254 0.154405 0.11762 0.118529 0.118226 0.158038 0.156524 0.503482 0.731002 0.882077 1 0.655465 0.579776 0.466848 0.349985 0.274296 0.158341 0.159249 0.119437 0.0046927 0.00499546 0.0823494 0.310021 0.462761 0.574629 0.61535 0.576143 0.463518 0.462761 0.462156 0.423857 0.384499 0.272631 0.00484408 0.00590372 0.233576 0.346957 0.38677 0.232516 0.194369 0.192401 0.193309 0.192552 0.154556
D:\Thesis\Chu_viet_tay\Experiments\Clustering\Clustering_2\data\ta\ta1\74b8b6207d28813834aa8ae06edeb5b4.jpg 0.0669802 0.0987545 0.0996441 0.0987545 0.0991357 0.0993899 0.0662176 0.0676157 0.167768 0.550585 0.842018 0.904423 1 0.487672 0.552872 0.517539 0.452084 0.38879 0.324733 0.259151 0.229283 0.166624 0.0702847 0.0682511 0.00406711 0.00597356 0.00266904 0.00305033 0.00610066 0.357778 0.452084 0.548932 0.61426 0.388917 0.294992 0.294611 0.294484 0.296009 0.260422 0.165862 0.134087 0.196746 0.260549 0.324987 0.358795 0.228266 0.196619 0.132435 0.162684 0.161668 0.13002 0.161286
D:\Thesis\Chu_viet_tay\Experiments\Clustering\Clustering_2\data\ta\ta1\753a1c79727a36028735213a12eac418.jpg 0.0594665 0.0873415 0.114342 0.116528 0.22453 0.669217 0.860844 0.944469 1 0.666375 0.584171 0.309904 0.255028 0.225842 0.170857 0.0609969 0.0581548 0.280389 0.417796 0.472453 0.499563 0.306624 0.252733 0.253061 0.252514 0.25153 0.253389 0.224639 0.169983 0.11303 0.0858111 0.00338872 0.00338872 0.11303 0.251202 0.30575 0.250875 0.195562 0.140905 0.140468 0.111718
D:\Thesis\Chu_viet_tay\Experiments\Clustering\Clustering_2\data\ta\ta1\76c47514dbd7df88f99a4845b0d9a5b5.jpg 0.00112638 0.0581212 0.115454 0.114553 0.115003 0.114778 0.115341 0.115454 0.117819 0.119734 0.117932 0.117819 0.117932 0.230795 0.772471 0.915409 1 0.830592 0.515995 0.290944 0.148795 0.0903357 0.0635278 0.0351431 0.00428024 0.00540662 0.00315386 0.146655 0.316738 0.401442 0.458887 0.486483 0.371818 0.316963 0.288015 0.261771 0.229669 0.145528 0.0894346 0.0885335 0.173462 0.230007 0.316625 0.372269 0.31426 0.231358 0.11613 0.0869565
D:\Thesis\Chu_viet_tay\Experiments\Clustering\Clustering_2\data\ta\ta1\7f012df7fd40b160aec96208a8329972.jpg 0.00700598 0.215331 0.268906 0.268082 0.269112 0.474964 0.632804 0.995261 0.944776 0.945395 0.897589 0.743252 0.892232 1 0.787554 0.635483 0.526685 0.370492 0.166495 0.164022 0.16258 0.162374 0.164228 0.164228 0.163816 0.0626417 0.270554 0.529363 0.736658 0.893262 0.739336 0.578611 0.527509 0.424686 0.474758 0.474758 0.477437 0.473934 0.892026 0.788172 0.785906 0.786318 0.47517 0.371935 0.267463 0.2143 0.213476 0.215537 0.262518
D:\Thesis\Chu_viet_tay\Experiments\Clustering\Clustering_2\data\ta\ta1\80035145c34b9230a92cde65960a0648.jpg 0.0333933 0.120193 0.118282 0.118394 0.34394 0.458511 0.741624 0.855408 1 0.742186 0.630875 0.604902 0.401282 0.319879 0.231954 0.119294 0.117607 0.117945 0.42984 0.487182 0.48617 0.544862 0.315718 0.287834 0.287385 0.28671 0.28716 0.258489 0.231055 0.174387 0.00460985 0.00303575 0.0884866 0.201709 0.314819 0.372273 0.371711 0.172701 0.145154 0.116371 0.114459 0.115021 0.0859006
D:\Thesis\Chu_viet_tay\Experiments\Clustering\Clustering_2\data\ta\ta1\879369541e7b2bac3d7e2665634c991e.jpg 0.0467258 0.135061 0.176501 0.180935 0.176842 0.520805 0.864939 0.867326 0.867326 0.956003 1 0.912176 0.867667 0.524898 0.0085266 0.0095498 0.00784448 0.00699181 0.00648022 0.00801501 0.0919168 0.180252 0.607947 0.735334 0.782231 0.824864 0.693724 0.565655 0.564632 0.522851 0.606071 0.565484 0.564291 0.608629 0.350784 0.306276 0.220327 0.222033 0.222715 0.218963
D:\Thesis\Chu_viet_tay\Experiments\Clustering\Clustering_2\data\ta\ta1\8beaa4de50b91d6653ee45155e565fa0.jpg 0.0356909 0.0700695 0.0682325 0.102218 0.102086 0.168744 0.168351 0.202204 0.635481 0.866028 0.998163 1 0.334864 0.269125 0.268337 0.234746 0.202861 0.104579 0.00249311 0.00446136 0.00367406 0.235665 0.367143 0.50164 0.567904 0.469886 0.434589 0.437213 0.468049 0.468442 0.403228 0.368062 0.368849 0.334864 0.333421 0.302979 0.33552 0.337489 0.170319 0.168744 0.133316
D:\Thesis\Chu_viet_tay\Experiments\Clustering\Clustering_2\data\ta\ta1\8efcc1d4c9573d59933562442735e320.jpg 0.0503839 0.0753359 0.0744722 0.0989443 0.123033 0.0995202 0.0984645 0.0990403 0.10144 0.0771593 0.102303 0.126967 0.707102 0.853935 0.925432 1 0.610557 0.345873 0.0784069 0.0769674 0.0784069 0.0787908 0.0779271 0.0775432 0.0775432 0.0766795 0.223129 0.270058 0.316699 0.343762 0.221305 0.221785 0.196641 0.196641 0.196833 0.220825 0.195202 0.221209 0.22025 0.220633 0.245298 0.316603 0.341939 0.341843 0.195969 0.147697 0.0998081 0.074856 0.0738964
D:\Thesis\Chu_viet_tay\Experiments\Clustering\Clustering_2\data\ta\ta1\979154be2d637858b38029ee593dc3b3.jpg 0.00290637 0.0558439 0.107847 0.107017 0.108262 0.107328 0.107224 0.213411 0.583662 0.844509 0.974984 1 0.739153 0.581067 0.346377 0.214864 0.160058 0.0812747 0.0566743 0.0552211 0.0295827 0.00384056 0.108574 0.238426 0.369109 0.446232 0.421528 0.264791 0.237492 0.213411 0.212165 0.160992 0.10764 0.108262 0.134524 0.290534 0.395993 0.448723 0.316172 0.185904 0.159332 0.132344
D:\Thesis\Chu_viet_tay\Experiments\Clustering\Clustering_2\data\ta\ta1\a3e59236f6744c5796ffc336a3a9caaf.jpg 0.00338317 0.0571865 0.113173 0.140674 0.140347 0.139474 0.141438 0.112409 0.114919 0.116774 0.11601 0.115355 0.338863 0.694205 0.886173 0.942814 1 0.583324 0.36571 0.282986 0.227436 0.198843 0.17276 0.115901 0.0590418 0.00643894 0.00458365 0.00611154 0.00425625 0.00469279 0.0864346 0.197534 0.279057 0.389174 0.444396 0.362108 0.361345 0.280039 0.306668 0.30765 0.25221 0.251883 0.278621 0.389174 0.38972 0.391029 0.362654 0.168395 0.113609 0.114264 0.114155 0.113282
D:\Thesis\Chu_viet_tay\Experiments\Clustering\Clustering_2\data\ta\ta1\ad37b1ca63daaf6f5dcb67940bf8fd03.jpg 0.00146399 0.0702718 0.116754 0.139537 0.140086 0.139995 0.117028 0.117943 0.122152 0.121878 0.120963 0.330771 0.56007 0.790557 0.929637 1 0.675542 0.374874 0.281911 0.23488 0.214018 0.190228 0.144752 0.25867 0.303138 0.326745 0.373685 0.279806 0.211273 0.209626 0.211547 0.188489 0.187849 0.141641 0.119041 0.120139 0.164242 0.210724 0.278617 0.395645 0.417971 0.371946 0.34962 0.11895 0.0962577
D:\Thesis\Chu_viet_tay\Experiments\Clustering\Clustering_2\data\ta\ta1\b4bd7617176dfc4c3e1ab52478ac807b.jpg 0.0546634 0.0548761 0.0822078 0.0812507 0.081357 0.0816761 0.0821015 0.0819951 0.10954 0.112943 0.113687 0.113474 0.40838 0.811869 0.972243 1 0.809848 0.460066 0.353185 0.245666 0.191747 0.112305 0.058811 0.0304158 0.00329682 0.325003 0.405615 0.457301 0.459534 0.244815 0.243965 0.217696 0.273317 0.271828 0.245879 0.192173 0.16516 0.299479 0.298628 0.326066 0.244284 0.136552 0.136233 0.135914 0.136233 0.136127 0.108689
D:\Thesis\Chu_viet_tay\Experiments\Clustering\Clustering_2\data\ta\ta1\b94912caa9ab3641f2c4d81410fa90c9.jpg 0.0292314 0.057806 0.111999 0.112656 0.112328 0.112765 0.0847383 0.0852857 0.0870374 0.143092 0.14353 0.780053 0.94296 1 0.974162 0.418218 0.252135 0.142106 0.0850668 0.0856142 0.0859426 0.0873659 0.0874754 0.0870374 0.0313116 0.00448872 0.224327 0.334793 0.417999 0.500657 0.362382 0.252573 0.252573 0.252792 0.197613 0.197175 0.113641 0.142982 0.223122 0.334793 0.417889 0.445697 0.334793 0.224436 0.169586 0.115065 0.114627 0.112765 0.111342
D:\Thesis\Chu_viet_tay\Experiments\Clustering\Clustering_2\data\ta\ta1\bd34188deffe56de0d8e99f0313f9b23.jpg 0.0580849 0.0880009 0.0882192 0.0871274 0.085708 0.0867999 0.0875641 0.41926 0.695382 0.834152 1 0.722131 0.584889 0.530953 0.337373 0.0893111 0.00425811 0.0037122 0.00545911 0.00436729 0.00338465 0.00382138 0.142264 0.362048 0.445354 0.556502 0.362594 0.335408 0.252211 0.225352 0.197838 0.197183 0.143138 0.14292 0.115624 0.115296 0.418495 0.554427 0.555956 0.445354 0.168031 0.139972 0.167704 0.138552
D:\Thesis\Chu_viet_tay\Experiments\Clustering\Clustering_2\data\ta\ta1\c0a8ce6de5229d91ff54aca5da74adfa.jpg 0.00176403 0.0535436 0.105842 0.131265 0.132199 0.105946 0.106568 0.107399 0.11321 0.111861 0.110823 0.0852963 0.0845699 0.0845699 0.556812 0.869565 0.974473 1 0.687247 0.477846 0.216146 0.188648 0.189063 0.137283 0.214486 0.292415 0.344921 0.421604 0.291377 0.292933 0.214278 0.266162 0.216042 0.215939 0.162706 0.0817682 0.136557 0.161565 0.161565 0.344298 0.394729 0.422123 0.265124 0.133548 0.107399 0.106983 0.108125
D:\Thesis\Chu_viet_tay\Experiments\Clustering\Clustering_2\data\ta\ta1\c25f29b4ac754e37f4ca57bc13e4dc7e.jpg 0.00043802 0.0840999 0.0838809 0.111914 0.112352 0.113119 0.113009 0.11279 0.116185 0.116623 0.142576 0.779457 0.888852 0.943824 1 0.585961 0.280552 0.226237 0.198752 0.224157 0.170609 0.0319755 0.032523 0.087385 0.0861805 0.365199 0.5576 0.557162 0.614104 0.362681 0.307819 0.3076 0.307819 0.309133 0.278909 0.253723 0.224266 0.251533 0.253614 0.363119 0.445466 0.334647 0.196671 0.142685 0.140714 0.142028 0.141152 0.14159 0.112024
D:\Thesis\Chu_viet_tay\Experiments\Clustering\Clustering_2\data\ta\ta1\c31a837f889442a4e8f0e66c7db3cd4e.jpg 0.0385189 0.109589 0.143361 0.144988 0.144582 0.313441 0.620507 0.860708 0.895972 1 0.758443 0.621864 0.623356 0.553235 0.450834 0.348027 0.177404 0.0763597 0.00420453 0.00393327 0.00434016 0.0054252 0.0040689 0.0386546 0.276956 0.380171 0.48325 0.552014 0.448935 0.379628 0.313848 0.312627 0.348298 0.313305 0.279805 0.278042 0.278313 0.414214 0.347484 0.313441 0.345585 0.31222 0.208599 0.1732 0.173471 0.174827 0.139021 0.139021
D:\Thesis\Chu_viet_tay\Experiments\Clustering\Clustering_2\data\ta\ta1\cb19ae676b5169805a18b7e9ebd244dc.jpg 0.00137619 0.025951 0.100855 0.125233 0.149907 0.14971 0.149808 0.151086 0.129165 0.752974 0.874767 0.948589 1 0.450408 0.351912 0.251352 0.200334 0.17517 0.126315 0.126511 0.125627 0.0761821 0.00235919 0.00226089 0.00363708 0.00383368 0.177037 0.274255 0.375504 0.424555 0.324388 0.275238 0.300993 0.275632 0.275533 0.250369 0.251352 0.250369 0.325076 0.350437 0.350241 0.176644 0.126118 0.152266 0.127888 0.10233 0.102428
D:\Thesis\Chu_viet_tay\Experiments\Clustering\Clustering_2\data\ta\ta1\cb4145c507f3b26a91d2808235ad2bbd.jpg 0.00587349 0.0868976 0.199548 0.198946 0.235542 0.348645 0.4625 0.575753 0.653464 0.845633 0.806777 0.880271 1 0.961596 0.880271 0.770934 0.4625 0.312349 0.198946 0.084488 0.00692771 0.00737952 0.00963855 0.00813253 0.272892 0.577861 0.688253 0.802108 0.49744 0.386898 0.349699 0.387048 0.346386 0.42259 0.421988 0.611446 0.64744 0.613855 0.651054 0.652259 0.269578 0.231476 0.19503 0.156024 0.155271 0.00406627
D:\Thesis\Chu_viet_tay\Experiments\Clustering\Clustering_2\data\ta\ta1\cfefee488e38cacebdd57247b5449414.jpg 0.00170572 0.0471317 0.0694856 0.0693958 0.0703833 0.0696651 0.0694856 0.0697549 0.0728073 0.0962384 0.141036 0.41449 0.704641 0.977018 1 0.795942 0.392405 0.234761 0.186911 0.207649 0.18727 0.141934 0.0737948 0.0740641 0.0494658 0.00493761 0.00448873 0.184128 0.27498 0.365203 0.410988 0.365114 0.320585 0.273723 0.23126 0.229015 0.274531 0.387467 0.38639 0.364216 0.319957 0.139151 0.116976 0.0929168 0.113924 0.0939043
D:\Thesis\Chu_viet_tay\Experiments\Clustering\Clustering_2\data\ta\ta1\d25e61155664fb1ddc2655fa248a010a.jpg 0.0629703 0.0645908 0.0622757 0.062623 0.091793 0.0910985 0.0923718 0.355018 0.709457 0.82498 0.913879 1 0.500868 0.471119 0.297372 0.237875 0.236023 0.236833 0.150365 0.121195 0.150712 0.208242 0.383146 0.471235 0.529459 0.383493 0.295868 0.32689 0.354439 0.383841 0.326658 0.354671 0.354902 0.297951 0.267508 0.295636 0.355828 0.471004 0.501563 0.297604 0.176062 0.148281 0.147124 0.118416 0.117953
D:\Thesis\Chu_viet_tay\Experiments\Clustering\Clustering_2\data\ta\ta1\d45618f1715d45b8fe27b38031368d98.jpg 0.0046474 0.0534451 0.079511 0.104466 0.105981 0.0798141 0.0801172 0.105981 0.109517 0.110729 0.135886 0.667509 0.897252 1 0.719438 0.389574 0.233583 0.208527 0.157305 0.0823399 0.0301071 0.00394019 0.00454637 0.00444534 0.00525359 0.156597 0.258941 0.360982 0.435037 0.334714 0.259244 0.28531 0.261265 0.284906 0.234795 0.233482 0.109113 0.133865 0.209739 0.28531 0.360174 0.384219 0.386341 0.20782 0.133562 0.0791069
D:\Thesis\Chu_viet_tay\Experiments\Clustering\Clustering_2\data\ta\ta1\eb43f31cc6350ab44d657b2dd0a7324a.jpg 0.00142559 0.0562562 0.112074 0.13927 0.140147 0.112293 0.0846584 0.0853164 0.116789 0.25562 0.808203 0.888584 0.945279 1 0.447966 0.28161 0.252879 0.25233 0.251782 0.25233 0.252111 0.225244 0.142669 0.115912 0.114267 0.308477 0.363856 0.445553 0.47253 0.252769 0.279965 0.28161 0.336989 0.337647 0.308586 0.281062 0.255401 0.309244 0.446979 0.47571 0.445773 0.225134 0.197829 0.170084 0.140695 0.143875
D:\Thesis\Chu_viet_tay\Experiments\Clustering\Clustering_2\data\ta\ta1\ec50ed60f7b4d036f089946c49a0db00.jpg 0.00496151 0.0917023 0.17947 0.223439 0.22515 0.655261 0.870317 0.913088 1 0.873054 0.828743 0.783234 0.654748 0.570402 0.443456 0.182207 0.17639 0.177759 0.136869 0.135329 0.0484174 0.00684346 0.0075278 0.00615911 0.222583 0.608725 0.783918 0.909837 0.654577 0.525235 0.395552 0.352267 0.352267 0.307613 0.349701 0.265184 0.178956 0.136014 0.523353 0.610094 0.740804 0.784089 0.655603 0.349016 0.306416 0.26296 0.305902 0.261762 0.21728
D:\Thesis\Chu_viet_tay\Experiments\Clustering\Clustering_2\data\ta\ta1\efa283fcc39cf48e97c0e2bdf205c22a.jpg 0.0609715 0.0920771 0.1189 0.118787 0.11766 0.147639 0.147188 0.573988 0.886397 0.943987 1 0.601713 0.320298 0.261242 0.207033 0.204553 0.0889215 0.0903866 0.061535 0.00653668 0.23239 0.344641 0.399752 0.457906 0.317029 0.259551 0.26158 0.28784 0.286938 0.258875 0.230813 0.288403 0.372591 0.400541 0.372366 0.173673 0.145948 0.117435 0.116195 0.115406 0.114843 0.11473
D:\Thesis\Chu_viet_tay\Experiments\Clustering\Clustering_2\data\ta\ta2\0044c8d5af08df041f18d1addd517bee.jpg 0.0234028 0.0816756 0.139714 0.198689 0.241751 0.23941 0.22373 0.184414 0.166628 0.139714 0.1685 0.140183 0.21788 0.319448 0.375848 0.388018 0.30447 0.290194 0.229347 0.227241 0.446057 0.742804 0.823309 0.787971 0.769249 0.52937 0.493798 0.54037 0.635853 1 0.920431 0.742804 0.567751 0.418909 0.422654 0.402059 0.313597 0.365785 0.362275 0.367189 0.492628 0.882284 0.822373 0.739293 0.530541 0.455886 0.280833
D:\Thesis\Chu_viet_tay\Experiments\Clustering\Clustering_2\data\ta\ta2\0a7c7496829e5cf0899ce5e16b13b24b.jpg 0.00867052 0.0592486 0.267754 0.316474 0.215318 0.215524 0.212221 0.213666 0.161643 0.16123 0.160198 0.111478 0.160818 0.110239 0.163914 0.163708 0.1154 0.171552 0.117052 0.172172 0.119116 0.328035 0.485962 0.738646 0.895541 0.844756 0.739884 0.693022 0.742155 0.693642 0.694674 0.638315 0.631503 0.744633 0.477704 0.379232 0.273947 0.325144 0.273741 0.58877 0.79294 0.945293 0.686623 0.536953 0.431874 0.373452 0.373865 0.325557 0.268786 0.322874 0.322048 0.317713 0.266309 0.268373 0.377787 0.686416 0.839595 1 0.901115 0.634806 0.582989 0.530966 0.379645 0.273121
D:\Thesis\Chu_viet_tay\Experiments\Clustering\Clustering_2\data\ta\ta2\0bc303e1e710897bf4dc2268d2347794.jpg 0.0013016 0.00353291 0.188732 0.235403 0.235589 0.282819 0.282819 0.235403 0.238007 0.148196 0.147267 0.144849 0.145779 0.145221 0.101339 0.100595 0.055039 0.105801 0.10357 0.0554109 0.0557828 0.196541 0.382112 0.477315 0.244701 0.291558 0.290628 0.620863 0.620305 0.71309 0.851432 0.711417 0.620305 0.575121 0.525846 0.434548 0.435292 0.481406 0.529751 0.52473 0.530495 0.766084 0.998698 1 0.714206 0.579398 0.346597 0.342878 0.240052 0.287653 0.288211 0.241726 0.148568 0.150056 0.150614 0.149312 0.102826 0.0568985 0.0126441 0.150428 0.196913 0.481592 0.618446 0.616958 0.431945 0.387505 0.428412 0.290628 0.203607
D:\Thesis\Chu_viet_tay\Experiments\Clustering\Clustering_2\data\ta\ta2\0c90a974e0c3fc4553c6a59a8325682a.jpg 0.00331825 0.117044 0.117195 0.155807 0.194118 0.230618 0.231071 0.193665 0.155053 0.118552 0.117647 0.154902 0.157617 0.117798 0.119306 0.11644 0.118703 0.0811463 0.117195 0.117798 0.117647 0.11825 0.080543 0.0812971 0.0846154 0.121418 0.0840121 0.38914 0.465762 0.617647 0.732579 0.692609 0.6181 0.539065 0.391403 0.431373 0.465762 0.732579 0.845249 0.920513 1 0.884465 0.769231 0.657617 0.69638 0.733182 0.619608 0.57813 0.508145 0.391704 0.236802 0.237707 0.238914 0.202715 0.198944 0.200603 0.195777 0.23816 0.463348 0.50543 0.615837 0.693665 0.690347 0.616742 0.501961 0.387029 0.274057 0.233484
D:\Thesis\Chu_viet_tay\Experiments\Clustering\Clustering_2\data\ta\ta2\0f93df2de03b9236f4cba2d00324f5f6.jpg 0.00162262 0.0303662 0.147891 0.237135 0.239453 0.237599 0.225081 0.190079 0.238294 0.227631 0.181966 0.194947 0.23134 0.205378 0.333102 0.454103 0.41261 0.682198 0.855818 1 0.96523 0.747102 0.626565 0.484237 0.538016 0.535234 0.543811 0.593185 0.608716 0.688224 0.536393 0.52828 0.470329 0.413537 0.352805 0.309689 0.360223 0.358832 0.370422 0.501159 0.764488 0.765183 0.752666 0.5707 0.292536 0.184979 0.183125 0.184284
D:\Thesis\Chu_viet_tay\Experiments\Clustering\Clustering_2\data\ta\ta2\110b3dfb977f06cf4157b37400948996.jpg 0.13068 0.193319 0.251535 0.190862 0.19209 0.189143 0.190617 0.186441 0.190125 0.18816 0.128224 0.18988 0.128715 0.190617 0.195038 0.137313 0.19774 0.135593 0.198477 0.505527 0.694424 0.87718 1 0.815279 0.693687 0.691231 0.694178 0.634488 0.63547 0.757799 0.696389 0.696143 0.696635 0.572587 0.455908 0.571604 0.879391 0.943994 0.882584 0.750921 0.509211 0.505036 0.448047 0.44731 0.445345 0.382953 0.380496 0.379022 0.321297 0.198723 0.139278 0.322034 0.628347 0.875706 0.814542 0.634242 0.505281 0.506755 0.441415 0.443871 0.445099 0.441906 0.323753
D:\Thesis\Chu_viet_tay\Experiments\Clustering\Clustering_2\data\ta\ta2\19538db6024a72ee7f6fe86a4ceae607.jpg 0.0176422 0.0823993 0.174139 0.211914 0.211914 0.199253 0.160232 0.15961 0.162931 0.149024 0.167912 0.360108 0.318804 0.321918 0.299294 0.267331 0.501038 0.598589 0.643421 0.685969 0.690328 0.679743 0.609797 0.513906 0.723744 0.924242 1 0.693026 0.418846 0.373599 0.364467 0.32005 0.311955 0.268369 0.264218 0.267538 0.286633 0.441469 0.590702 0.697385 0.774388 0.616023 0.461602 0.301577
D:\Thesis\Chu_viet_tay\Experiments\Clustering\Clustering_2\data\ta\ta2\1a7f5e2545b4a2396079c758aa769cfd.jpg 0.105684 0.147351 0.0998896 0.222406 0.384658 0.283664 0.221854 0.45447 0.658664 0.843819 1 0.910596 0.706678 0.589956 0.520971 0.451159 0.384934 0.534768 0.67798 0.791943 0.710541 0.544426 0.456678 0.468267 0.455022 0.426876 0.422461 0.467991 0.577539 0.716887 0.81181 0.882174 0.82809 0.696468 0.511589 0.270419
D:\Thesis\Chu_viet_tay\Experiments\Clustering\Clustering_2\data\ta\ta2\1ad1f7ae62ef6bcf1f17c70f10c12de8.jpg 0.00577062 0.0341428 0.1195 0.21207 0.247656 0.22289 0.1849 0.185622 0.188266 0.164944 0.152921 0.165905 0.126954 0.129358 0.106276 0.164222 0.289974 0.368839 0.578264 0.686223 0.795864 0.774225 0.71219 0.634047 0.515028 0.462371 0.522241 0.725174 1 0.856696 0.655927 0.454677 0.371243 0.35345 0.314018 0.331089 0.350325 0.313777 0.313296 0.364511 0.529454 0.664342 0.79346 0.742005 0.594855 0.535465 0.443616 0.245492 0.0819909
D:\Thesis\Chu_viet_tay\Experiments\Clustering\Clustering_2\data\ta\ta2\1be55bc0a0f117c972517d29dfe4b316.jpg 0.167105 0.120237 0.120456 0.118703 0.141042 0.244853 0.324792 0.251205 0.387867 0.363557 0.521463 0.629654 0.712659 0.634691 0.807709 1 0.997372 0.979194 0.770258 0.641919 0.340123 0.332019 0.233465 0.231932 0.236312 0.340561 0.350854 0.51555 0.625931 0.769601 0.608629 0.49562 0.37823
D:\Thesis\Chu_viet_tay\Experiments\Clustering\Clustering_2\data\ta\ta2\200365970bbf27cbc6174330bd4f44f6.jpg 0.00524879 0.0573168 0.157674 0.190006 0.160613 0.136889 0.132689 0.137938 0.112324 0.110015 0.0932186 0.0667646 0.0638253 0.04346 0.0369515 0.0669746 0.0902792 0.189166 0.294982 0.369725 0.474491 0.493387 0.454545 0.462734 0.410456 0.510393 0.802016 1 0.862482 0.516061 0.408776 0.278606 0.258451 0.222549 0.204703 0.190006 0.223179 0.222549 0.278186 0.43292 0.572328 0.640353 0.553853 0.292883
D:\Thesis\Chu_viet_tay\Experiments\Clustering\Clustering_2\data\ta\ta2\2143b11eaa2c2549ce0425bbba6baa07.jpg 0.0950342 0.138527 0.0953767 0.351884 0.480308 0.524315 0.657363 0.653425 0.568836 0.398116 0.441438 0.442466 0.568151 0.913356 1 0.786473 0.569692 0.397774 0.311815 0.268151 0.267637 0.229281 0.180993 0.267637 0.180137 0.137842 0.181336 0.223116 0.307534 0.436815 0.613185 0.695377 0.736815 0.438527 0.395205 0.44024
D:\Thesis\Chu_viet_tay\Experiments\Clustering\Clustering_2\data\ta\ta2\2b57330eef7e9b3f050d769eb5106c64.jpg 0.00582524 0.0712621 0.17301 0.220583 0.225049 0.179417 0.15165 0.153398 0.154951 0.135146 0.105243 0.123495 0.133398 0.105825 0.105825 0.145049 0.188155 0.141359 0.169903 0.348738 0.553981 0.648155 0.559806 0.40699 0.405243 0.561942 0.925825 1 0.713204 0.386602 0.265243 0.245825 0.223107 0.255922 0.274175 0.338835 0.419029 0.51068 0.630874 0.56466 0.45301 0.250291
D:\Thesis\Chu_viet_tay\Experiments\Clustering\Clustering_2\data\ta\ta2\35207276f10db7c0102b6e1508f6236c.jpg 0.00261438 0.115817 0.188497 0.202092 0.256471 0.215686 0.201046 0.147712 0.19085 0.20366 0.151111 0.192157 0.150065 0.294902 0.391634 0.351634 0.336993 0.289673 0.627712 0.936471 1 0.905621 0.767843 0.782745 0.799216 0.99634 0.966274 0.688105 0.555033 0.491503 0.47268 0.469804 0.420131 0.40366 0.35817 0.336209 0.430065 0.514248 0.716078 0.754771 0.686536 0.577516 0.308497
D:\Thesis\Chu_viet_tay\Experiments\Clustering\Clustering_2\data\ta\ta2\37c0d2b074afdc7052f1d3e630d6bfb7.jpg 0.00783572 0.163469 0.354499 0.379627 0.275601 0.327479 0.492299 0.663334 0.79438 0.788706 0.72602 0.655228 0.551202 0.522832 0.560389 0.763577 1 0.995947 0.760605 0.556336 0.523102 0.45258 0.413672 0.386652 0.318833 0.250743 0.373413 0.677114 0.82194 0.825993 0.732775 0.593083 0.406106 0.182383 0.148068
D:\Thesis\Chu_viet_tay\Experiments\Clustering\Clustering_2\data\ta\ta2\383868b9761d829bcaee4960e935797b.jpg 0.0544401 0.10681 0.156489 0.156696 0.158559 0.157317 0.105154 0.158973 0.108259 0.111571 0.109708 0.111571 0.10888 0.108673 0.109915 0.109294 0.110743 0.0556821 0.0544401 0.00372594 0.00351894 0.00351894 0.00351894 0.00372594 0.00765887 0.0113848 0.0134548 0.375285 0.687849 0.896709 0.996481 1 0.794659 0.690747 0.642103 0.640033 0.636514 0.592217 0.538605 0.532188 0.532395 0.530118 0.691161 0.531153 0.48106 0.323122 0.222935 0.216932 0.480853 0.480646 0.584144 0.582074 0.532395 0.474436 0.427655 0.326019 0.320431 0.26599 0.273235 0.164148 0.21569 0.162492 0.164355 0.165183 0.165597 0.167046 0.172842 0.585386 0.688263 0.742082 0.94556 0.740426 0.528255 0.480232 0.478162
D:\Thesis\Chu_viet_tay\Experiments\Clustering\Clustering_2\data\ta\ta2\3b746fa4f02e2f5c320ff5c7d8a70d2b.jpg 0.00462 0.0847771 0.202818 0.237237 0.236775 0.237237 0.21714 0.183414 0.182952 0.185724 0.182952 0.182028 0.158004 0.14784 0.209748 0.312543 0.416724 0.375375 0.386001 0.576808 0.671056 0.772003 0.881497 0.82213 0.668746 0.575653 0.578656 0.770386 1 0.958882 0.754447 0.479325 0.479556 0.444675 0.383229 0.405174 0.36498 0.363363 0.395934 0.577732 0.83599 0.861631 0.771772 0.613768 0.483021 0.297297
D:\Thesis\Chu_viet_tay\Experiments\Clustering\Clustering_2\data\ta\ta2\3fc374c5d9145f81d95fd3889c135d7d.jpg 0.0369586 0.0841193 0.132243 0.179403 0.196535 0.164004 0.149952 0.118961 0.131473 0.120115 0.104524 0.106449 0.167469 0.293936 0.46487 0.569009 0.617132 0.638306 0.609817 0.591338 0.620789 0.666025 0.766891 0.943215 1 0.870067 0.677767 0.460635 0.296824 0.278152 0.301444 0.302406 0.374783 0.523003 0.638306 0.65948 0.564004 0.46487 0.394033 0.203465
D:\Thesis\Chu_viet_tay\Experiments\Clustering\Clustering_2\data\ta\ta2\3fe0aa5fd119daebd249fd31a9f9473b.jpg 0.00356189 0.183615 0.229029 0.227605 0.229742 0.227783 0.183793 0.187533 0.183081 0.141763 0.139092 0.13927 0.139804 0.139626 0.14016 0.13927 0.141941 0.141407 0.141229 0.140873 0.0983081 0.142297 0.231701 0.276046 0.237044 0.234194 0.233126 0.192164 0.506144 0.814426 0.950312 1 0.771861 0.865895 0.772752 0.685842 0.593767 0.507035 0.461264 0.415494 0.419412 0.507035 0.548531 0.68691 0.729118 0.68691 0.687622 0.465361 0.370436 0.330365 0.27943 0.278896 0.278183 0.321282 0.27943 0.234372 0.277293 0.188958 0.190383 0.234372 0.411932 0.637756 0.949599 0.815494 0.639003 0.456812 0.414248 0.276759
D:\Thesis\Chu_viet_tay\Experiments\Clustering\Clustering_2\data\ta\ta2\401a0ba2331c4d33bc9ea8e91765943e.jpg 0.147849 0.14597 0.149915 0.10201 0.147285 0.101071 0.102949 0.14597 0.105392 0.108585 0.106519 0.20139 0.114785 0.528461 0.719331 0.763667 0.812512 0.623708 0.624084 0.530528 0.483562 0.436972 0.344918 0.388878 0.389254 0.442044 0.486192 0.768176 0.861356 1 0.957731 0.441105 0.388503 0.386812 0.29288 0.291189 0.295134 0.244411 0.244223 0.244599 0.196694 0.150103 0.343979 0.62446 0.717077 0.720458 0.668796 0.483938 0.387 0.346233 0.291001 0.340222 0.385497 0.292129
D:\Thesis\Chu_viet_tay\Experiments\Clustering\Clustering_2\data\ta\ta2\456e276d4b214616ac4cef1197639435.jpg 0.00454456 0.104722 0.250741 0.300731 0.302509 0.253507 0.257459 0.204703 0.2049 0.157084 0.205888 0.208457 0.205691 0.159455 0.207666 0.15985 0.160245 0.161431 0.355661 0.506422 0.609366 0.754001 0.758151 0.854179 0.810512 0.710136 0.711519 0.561747 0.506224 0.564118 0.662912 0.66232 0.514918 0.418297 0.415135 0.364355 0.709544 0.659751 0.759929 0.806955 0.558783 0.506027 0.411974 0.360798 0.308832 0.306264 0.258052 0.205493 0.157281 0.107291 0.157676 0.206086 0.306461 0.604031 0.755582 0.899822 1 0.653033 0.554831 0.560166 0.606204 0.405256 0.257064
D:\Thesis\Chu_viet_tay\Experiments\Clustering\Clustering_2\data\ta\ta2\52b5556dc27d012bf4c392d69288088d.jpg 0.00352697 0.0570539 0.107676 0.160373 0.159544 0.159544 0.212656 0.160373 0.16473 0.1639 0.162241 0.162241 0.163278 0.163485 0.109751 0.114315 0.276141 0.638174 0.948963 1 0.90083 0.793776 0.797303 0.847925 0.693568 0.692739 0.587552 0.588797 0.588174 0.590249 0.587344 0.431743 0.69668 0.746266 0.795228 0.69834 0.590456 0.485062 0.536722 0.48112 0.370747 0.318465 0.268672 0.112241 0.115353 0.113071 0.111618 0.166183 0.531743 0.636307 0.844191 0.946266 0.846266 0.637759 0.534232 0.584855 0.532573 0.325519
D:\Thesis\Chu_viet_tay\Experiments\Clustering\Clustering_2\data\ta\ta2\579231fb8b1dca53b9d90a4907867cf5.jpg 0.00715512 0.11992 0.319691 0.365484 0.336863 0.299943 0.273326 0.226674 0.227247 0.226388 0.207499 0.263022 0.389239 0.403835 0.688895 0.900687 0.972238 1 0.945335 0.925873 0.828849 0.757584 0.807384 0.831425 0.90498 0.927304 0.811105 0.639096 0.545793 0.445335 0.467945 0.493417 0.426159 0.394104 0.523755 0.77075 0.892959 0.883228 0.69233 0.509159 0.263022
D:\Thesis\Chu_viet_tay\Experiments\Clustering\Clustering_2\data\ta\ta2\586b085f0a94b8ce9db98500d3f8c0e9.jpg 0.0684963 0.125 0.129151 0.533672 0.70941 0.826799 0.943266 1 0.945572 0.76822 0.651522 0.767297 0.767528 0.708487 0.714253 0.712177 0.70964 0.593173 0.883303 0.830489 0.941421 0.946264 0.593173 0.599862 0.59571 0.534133 0.591098 0.530443 0.473017 0.356089 0.358625 0.358395 0.299585 0.243081 0.305351 0.304197 0.245849 0.303967 0.188653 0.361393 0.590406 0.997232 0.99631 0.936808 0.935655 0.591559 0.417435 0.297279
D:\Thesis\Chu_viet_tay\Experiments\Clustering\Clustering_2\data\ta\ta2\58c1f57e5945e0203e322feaad24199a.jpg 0.00628766 0.00864553 0.0668064 0.236835 0.268012 0.268012 0.266178 0.217448 0.206445 0.205397 0.206707 0.205135 0.202777 0.205397 0.204873 0.155882 0.202515 0.212995 0.369924 0.669636 0.891014 0.982971 1 0.895468 0.817396 0.698716 0.620645 0.655751 0.872151 0.885774 0.870841 0.768143 0.592088 0.494629 0.474456 0.380665 0.342678 0.394027 0.360755 0.441184 0.56327 0.833115 0.886036 0.682735 0.468169 0.231072
D:\Thesis\Chu_viet_tay\Experiments\Clustering\Clustering_2\data\ta\ta2\5a5e47b65c34346598f88ce631712eb8.jpg 0.0198481 0.136486 0.199951 0.315609 0.309728 0.187699 0.134526 0.186474 0.133791 0.133791 0.138691 0.137956 0.138937 0.200441 0.32443 0.503798 0.693457 0.812791 0.570693 0.628767 0.569713 0.512129 0.449645 0.688312 0.992649 1 0.877481 0.573389 0.507719 0.391081 0.327371 0.322225 0.319775 0.375888 0.326146 0.318549 0.377604 0.497917 0.615045 0.797354 0.866209 0.644695 0.403823
D:\Thesis\Chu_viet_tay\Experiments\Clustering\Clustering_2\data\ta\ta2\5e1f11b614dff6b2011472e46e5bde55.jpg 0.0161765 0.138725 0.261765 0.322794 0.261029 0.266667 0.268873 0.567157 0.694363 0.689216 0.698039 0.631373 0.567892 0.571324 0.569363 0.993873 1 0.997059 0.511029 0.504657 0.508578 0.447059 0.387255 0.385049 0.323039 0.379167 0.500245 0.735784 0.86299 0.695833 0.451225
D:\Thesis\Chu_viet_tay\Experiments\Clustering\Clustering_2\data\ta\ta2\6007ee13f79f571c30834f89c884a969.jpg 0.0034338 0.102633 0.1343 0.198525 0.261351 0.229429 0.230319 0.166222 0.197253 0.196871 0.165713 0.354063 0.485438 0.614015 0.578914 0.484294 0.422104 0.390818 0.363347 0.361821 0.48849 0.807707 0.868498 1 0.714867 0.551571 0.391326 0.234389 0.234389 0.201195 0.233626 0.200432 0.232481 0.231973 0.198652 0.201323 0.165077 0.166349 0.10187 0.199797 0.198652 0.391708 0.548391 0.548137 0.518377 0.421213 0.357116 0.261987 0.196744 0.102251
D:\Thesis\Chu_viet_tay\Experiments\Clustering\Clustering_2\data\ta\ta2\61bbf48740cd59670b446592552ad160.jpg 0.0064133 0.083848 0.189311 0.186223 0.164371 0.177435 0.246081 0.293112 0.370309 0.464133 0.655107 0.750119 0.809976 0.757957 0.566033 0.488836 0.553682 0.754869 0.948456 1 0.9038 0.766746 0.646556 0.487886 0.425416 0.306176 0.327078 0.401663 0.539667 0.715439 0.821615 0.728741 0.565558 0.400238
D:\Thesis\Chu_viet_tay\Experiments\Clustering\Clustering_2\data\ta\ta2\67d91559699886e98402f13857114e0b.jpg 0.0180442 0.0853706 0.166473 0.198875 0.198875 0.186263 0.151727 0.150369 0.150951 0.151727 0.152697 0.154443 0.153861 0.153279 0.153279 0.153667 0.19674 0.317811 0.389212 0.536282 0.656771 0.717307 0.812185 0.862631 0.810827 0.911913 0.991075 1 0.88669 0.853318 0.710904 0.564804 0.416764 0.299379 0.299185 0.317035 0.43442 0.61137 0.680054 0.622623 0.509313 0.316453 0.148428
D:\Thesis\Chu_viet_tay\Experiments\Clustering\Clustering_2\data\ta\ta2\6cf0cc2f00a9345d7d1cab835d5e72e9.jpg 0.00331717 0.0540954 0.214851 0.263077 0.263332 0.243685 0.18321 0.131411 0.152335 0.181934 0.133197 0.150804 0.183976 0.134218 0.147997 0.210768 0.261291 0.279663 0.314876 0.326359 0.623118 0.81679 0.985455 1 0.834397 0.746109 0.598622 0.652718 0.665731 0.716765 0.717275 0.71753 0.68691 0.506252 0.39653 0.384027 0.3358 0.390916 0.400868 0.520031 0.964021 0.899719 0.782087 0.25925 0.19903
D:\Thesis\Chu_viet_tay\Experiments\Clustering\Clustering_2\data\ta\ta2\6fc41610513bbaec19cde6d8c7ee71ad.jpg 0.00454959 0.0443585 0.175614 0.188581 0.218153 0.189035 0.219745 0.175614 0.178344 0.165605 0.132393 0.168107 0.131711 0.203367 0.304823 0.371929 0.47748 0.544358 0.661283 0.735214 0.640127 0.628753 0.583257 0.585077 0.611237 0.788671 0.991583 1 0.730664 0.578025 0.511601 0.401956 0.351456 0.352366 0.348271 0.301865 0.355323 0.414013 0.487034 0.708144 0.798681 0.674249 0.454504 0.345996 0.284349
D:\Thesis\Chu_viet_tay\Experiments\Clustering\Clustering_2\data\ta\ta2\788e066b8096682421cc864601fd13ce.jpg 0.00421053 0.0452632 0.130105 0.182737 0.235579 0.227579 0.162105 0.163579 0.164421 0.167158 0.164421 0.168421 0.168211 0.167158 0.148421 0.148421 0.292421 0.487789 0.625474 0.699158 0.684211 0.678947 0.770737 0.870316 1 0.977895 0.937263 0.690316 0.477053 0.313474 0.291158 0.315579 0.289684 0.310737 0.331158 0.554105 0.746947 0.734947 0.642105 0.444632 0.286947 0.152 0.125053 0.156
D:\Thesis\Chu_viet_tay\Experiments\Clustering\Clustering_2\data\ta\ta2\7add27d9b6e0781c25ead5cc769e53a5.jpg 0.00517813 0.0403894 0.142502 0.213132 0.21251 0.196976 0.164457 0.160936 0.161765 0.161558 0.162386 0.16425 0.1628 0.163215 0.161765 0.162593 0.164043 0.165907 0.264499 0.586371 0.73778 0.736951 0.739437 0.724731 0.620961 0.429163 0.426263 0.53169 0.880903 1 0.93517 0.681027 0.475145 0.457746 0.353355 0.280655 0.32208 0.311102 0.276926 0.340721 0.43517 0.506421 0.642295 0.657415 0.490679 0.293496
D:\Thesis\Chu_viet_tay\Experiments\Clustering\Clustering_2\data\ta\ta2\7f43b30d93ddcabb35206207a655dab5.jpg 0.149152 0.145594 0.150246 0.146962 0.152709 0.205802 0.504379 0.668582 0.922824 0.922551 0.906951 0.796661 0.710454 0.70416 0.807334 1 0.987958 0.971264 0.871374 0.734537 0.538041 0.492337 0.391078 0.355774 0.405036 0.6237 0.800493 0.881226 0.799945 0.620963 0.416256 0.162562 0.030925
D:\Thesis\Chu_viet_tay\Experiments\Clustering\Clustering_2\data\ta\ta2\85fd7c4c63e7077d4658b84a15c0650a.jpg 0.00239443 0.114497 0.168481 0.225947 0.225729 0.168481 0.168045 0.222464 0.168916 0.171746 0.115586 0.116021 0.171746 0.119721 0.174793 0.175664 0.118633 0.173052 0.283413 0.229212 0.280148 0.284502 0.175229 0.11798 0.173923 0.505007 0.666522 0.831084 0.890509 0.886809 0.724859 0.668916 0.505224 0.506748 0.510884 0.620592 0.722464 0.728559 0.834349 0.834349 0.834567 0.562908 0.402917 0.397693 0.34175 0.396169 0.345451 0.345015 0.287114 0.177841 0.232042 0.283631 0.284937 0.232259 0.339356 0.781019 0.941445 1 0.725512 0.558772 0.339791 0.175664 0.178929
D:\Thesis\Chu_viet_tay\Experiments\Clustering\Clustering_2\data\ta\ta2\8b59bf1e4d0b33e772c148fc212d0fc6.jpg 0.115711 0.121595 0.170625 0.283068 0.721508 0.834605 0.996949 1 0.671388 0.563086 0.568751 0.617782 0.725866 0.668337 0.674003 0.89148 0.835912 0.78187 0.616038 0.560253 0.561342 0.452822 0.287426 0.338418 0.287426 0.3382 0.286991 0.172369 0.176073 0.120506 0.121377 0.609719 0.775332 0.993027 0.770756 0.61168 0.556766 0.504685 0.336021 0.170407
D:\Thesis\Chu_viet_tay\Experiments\Clustering\Clustering_2\data\ta\ta2\8e4a20e9a6960ee502e3e1278c615a63.jpg 0.070261 0.250549 0.190778 0.190534 0.192242 0.188095 0.191266 0.12808 0.194926 0.141742 0.137107 0.200293 0.32203 0.318614 0.135887 0.505245 0.685045 0.870456 0.994389 0.868505 0.809222 0.749207 0.748231 0.562576 0.505977 0.569407 0.632105 0.694804 0.814833 1 0.873872 0.997804 0.562332 0.437668 0.439619 0.4384 0.437424 0.437668 0.375701 0.254208 0.317394 0.192974 0.194926 0.195657 0.257624 0.443767 0.622347 0.748963 0.868748 0.925348 0.803611 0.686997 0.49939 0.500854
D:\Thesis\Chu_viet_tay\Experiments\Clustering\Clustering_2\data\ta\ta2\9ba8874fdca5c92f9acf6ca44e9217be.jpg 0.00330611 0.0608713 0.169 0.216258 0.229288 0.198172 0.200117 0.183781 0.134384 0.124076 0.137106 0.126993 0.139829 0.124465 0.188643 0.271295 0.286659 0.287826 0.400817 0.562622 0.713147 0.741735 0.743874 0.787631 0.915208 1 0.945935 0.655387 0.436017 0.387398 0.338584 0.302412 0.290743 0.267211 0.301828 0.317192 0.402956 0.581097 0.679891 0.596655 0.436601 0.343446 0.139245 0.11727
D:\Thesis\Chu_viet_tay\Experiments\Clustering\Clustering_2\data\ta\ta2\9c75ca93779d7f651bba384b09e44f18.jpg 0.0448336 0.0948624 0.142775 0.191072 0.157206 0.14797 0.150087 0.14874 0.149702 0.148932 0.149509 0.111218 0.104099 0.225322 0.292861 0.300173 0.418896 0.483933 0.534347 0.539927 0.500866 0.456417 0.408312 0.399654 0.660958 0.886281 1 0.723109 0.564556 0.395036 0.313835 0.304022 0.30152 0.265923 0.254185 0.325188 0.381566 0.498172 0.640754 0.612854 0.444487 0.289783 0.110641
D:\Thesis\Chu_viet_tay\Experiments\Clustering\Clustering_2\data\ta\ta2\a7aeeca87382865ff7851cbe865fb318.jpg 0.177235 0.256055 0.254513 0.198151 0.171731 0.17085 0.17107 0.14509 0.145751 0.146191 0.149053 0.148393 0.147512 0.149053 0.120432 0.256715 0.479745 0.619331 0.725231 0.810656 0.758256 0.600396 0.48657 0.629679 0.887715 1 0.958829 0.692206 0.510568 0.461251 0.351387 0.292602 0.286658 0.309335 0.317041 0.309115 0.390577 0.584324 0.758697 0.6845 0.507926 0.275649 0.154557
D:\Thesis\Chu_viet_tay\Experiments\Clustering\Clustering_2\data\ta\ta2\ac84c9bb779b56b2c870f24107dcf888.jpg 0.00780781 0.0958959 0.195996 0.295496 0.306106 0.309109 0.311311 0.311311 0.314515 0.36016 0.363964 0.368969 0.444044 0.466066 0.423223 0.497097 0.553554 0.526927 0.473073 0.385185 0.520721 0.562162 0.482683 0.272472 0.172172 0.162162 0.24044 0.373974 0.492292 0.477277 0.425225 0.376977 0.36977 0.552352 0.727728 0.989189 1 0.897097 0.580981 0.509309 0.554755 0.467868 0.458458 0.507107 0.593594 0.684685 0.693894 0.67047 0.6002 0.437437 0.405405 0.49009 0.592993 0.686086 0.591992 0.392192 0.286286 0.365365 0.451852 0.496697 0.452653 0.412412 0.386787 0.393594 0.472673 0.481682 0.402202 0.239039 0.162963
D:\Thesis\Chu_viet_tay\Experiments\Clustering\Clustering_2\data\ta\ta2\b17244cd2cf79c24f075fa0b3986abd9.jpg 0.00196678 0.0880682 0.154065 0.208916 0.1816 0.168269 0.168706 0.16958 0.168706 0.165647 0.127622 0.152535 0.129371 0.151442 0.130245 0.153846 0.134615 0.269231 0.33632 0.524257 0.647727 0.778628 0.832386 0.648383 0.487107 0.44799 0.448645 0.664117 0.922858 1 0.789991 0.529502 0.381993 0.336976 0.338505 0.338942 0.336757 0.473121 0.658435 0.791084 0.66958 0.525131 0.468531 0.350962 0.186626
D:\Thesis\Chu_viet_tay\Experiments\Clustering\Clustering_2\data\ta\ta2\b783842dcba621e1382c6c4ecbddcab7.jpg 0.00328875 0.0659943 0.19009 0.243587 0.242929 0.190528 0.207411 0.151502 0.135497 0.157202 0.136593 0.15501 0.135935 0.155668 0.151063 0.244025 0.299934 0.388511 0.553387 0.700285 0.747424 0.671125 0.639991 0.588029 0.730322 0.922605 1 0.944968 0.755755 0.647665 0.523569 0.372068 0.31287 0.382811 0.337865 0.400132 0.625301 0.701601 0.794563 0.632537 0.461302 0.262442 0.162903
D:\Thesis\Chu_viet_tay\Experiments\Clustering\Clustering_2\data\ta\ta2\bb57bb6d5bfedbeb1e0211f9c31df124.jpg 0.00162492 0.0713609 0.10413 0.13893 0.138795 0.13893 0.139607 0.137982 0.140826 0.106838 0.10738 0.108463 0.107921 0.107244 0.107786 0.0724441 0.108869 0.0774543 0.108869 0.143263 0.211781 0.142586 0.179012 0.177116 0.177793 0.384428 0.519973 0.554502 0.449154 0.48585 0.451997 0.41503 0.452945 0.453351 0.486933 0.488287 0.417332 0.587678 0.7239 0.862018 1 0.897901 0.861205 0.727014 0.559783 0.423968 0.283819 0.284631 0.312255 0.246987 0.28111 0.245498 0.21327 0.246987 0.210562 0.177522 0.175085 0.247664 0.213135 0.211781 0.245362 0.247529 0.347326 0.652674 0.687745 0.648341 0.58497 0.381584 0.245227 0.109276
D:\Thesis\Chu_viet_tay\Experiments\Clustering\Clustering_2\data\ta\ta2\bef203730c16a767a08282c5def3085c.jpg 0.0569551 0.143921 0.151588 0.146769 0.177437 0.155969 0.122892 0.121358 0.231982 0.415334 0.516758 0.702519 0.791457 0.684995 0.699452 0.854765 0.93012 1 0.921796 0.761665 0.626287 0.430011 0.398028 0.358379 0.308653 0.378313 0.542169 0.741512 0.724863 0.558817 0.399562 0.250164 0.156407 0.119387
D:\Thesis\Chu_viet_tay\Experiments\Clustering\Clustering_2\data\ta\ta2\c6d7001f5b3c8dfd2b5c3c3c5ef88ab5.jpg 0.11432 0.12491 0.179302 0.238748 0.245247 0.192298 0.185319 0.186282 0.134296 0.179302 0.143201 0.185319 0.142479 0.186282 0.141276 0.338147 0.325391 0.363658 0.474609 0.694103 0.790373 0.748014 0.688327 0.725632 0.63562 0.473406 0.484236 0.78556 1 0.991576 0.692659 0.382431 0.358363 0.373526 0.419013 0.38917 0.373526 0.415884 0.568472 0.838267 0.871961 0.675331 0.436342 0.23562 0.188688 0.14296 0.130927
D:\Thesis\Chu_viet_tay\Experiments\Clustering\Clustering_2\data\ta\ta2\ccc40d4ed6e121f25ff7133b1e3cafd8.jpg 0.108904 0.113924 0.111742 0.11567 0.162593 0.117416 0.11196 0.0628546 0.111742 0.116107 0.0650371 0.114142 0.11567 0.067656 0.112833 0.0704932 0.118725 0.0724574 0.115888 0.122217 0.121344 0.0724574 0.307508 0.532082 0.557398 0.559144 0.370799 0.343518 0.625273 0.993453 1 0.811654 0.641205 0.388477 0.342863 0.298778 0.28852 0.245308 0.230467 0.187036 0.350065 0.482322 0.676342 0.677215 0.490179 0.237669
D:\Thesis\Chu_viet_tay\Experiments\Clustering\Clustering_2\data\ta\ta2\d206f86af36e5b4eea022f8d7b2ec645.jpg 0.0014518 0.0850755 0.187282 0.219803 0.222125 0.219803 0.181475 0.110627 0.12108 0.12079 0.0908827 0.0865273 0.162021 0.264808 0.268583 0.195703 0.157085 0.157375 0.264518 0.486643 0.697735 0.815331 0.752323 0.634437 0.626887 0.676249 0.836527 1 0.832462 0.54007 0.37863 0.317654 0.262485 0.307782 0.309233 0.304007 0.305749 0.336237 0.523229 0.889082 0.99216 0.700929 0.383566
D:\Thesis\Chu_viet_tay\Experiments\Clustering\Clustering_2\data\ta\ta2\d747fa8aec07b68359b0a90c31c2b01a.jpg 0.147075 0.148768 0.148956 0.149897 0.105887 0.103818 0.150085 0.151589 0.200301 0.106263 0.247884 0.529622 0.671431 0.763965 0.812864 0.766222 0.719014 0.671807 0.53376 0.672184 0.772052 0.909724 1 0.916494 0.817942 0.867971 0.958435 0.818695 0.770171 0.53564 0.394207 0.396276 0.487493 0.252774 0.250329 0.252586 0.20331 0.204251 0.203122 0.293399 0.575701 0.853113 0.951664 0.808539 0.482227 0.388001 0.433515 0.340041 0.240925
D:\Thesis\Chu_viet_tay\Experiments\Clustering\Clustering_2\data\ta\ta2\d94c4c58643804b6200aef9d6e5564e5.jpg 0.0164812 0.072988 0.123074 0.165026 0.154752 0.11494 0.105308 0.0742723 0.11494 0.107235 0.0804795 0.183219 0.224529 0.223673 0.239726 0.347817 0.463613 0.599743 0.581978 0.480522 0.381849 0.330051 0.333262 0.691781 0.936858 1 0.788099 0.572774 0.332192 0.279966 0.234803 0.277825 0.285745 0.351241 0.550728 0.606164 0.63506 0.421019 0.209332
D:\Thesis\Chu_viet_tay\Experiments\Clustering\Clustering_2\data\ta\ta2\def1dbacf35cde398148de1a3c61927d.jpg 0.00393443 0.0408743 0.149945 0.222295 0.220984 0.203716 0.150601 0.131803 0.154754 0.135082 0.158907 0.138142 0.157158 0.134208 0.157596 0.15541 0.310383 0.519344 0.587541 0.652678 0.615738 0.610492 0.601749 0.532896 0.481093 0.592787 0.756721 1 0.973333 0.837377 0.659235 0.55388 0.33071 0.301639 0.346011 0.380109 0.519781 0.583607 0.703825 0.800437 0.645683 0.547978 0.431913
D:\Thesis\Chu_viet_tay\Experiments\Clustering\Clustering_2\data\ta\ta2\e1dc167bccd2c0e00e284a530df230bb.jpg 0.0894935 0.132272 0.133812 0.131759 0.132615 0.132957 0.133128 0.0889802 0.135524 0.132957 0.135352 0.136037 0.134668 0.0958248 0.265229 0.52447 0.525667 0.568617 0.696099 0.5705 0.569815 0.56742 0.485797 0.398871 0.441478 0.44165 0.48614 0.873032 1 0.999658 0.95859 0.700719 0.613792 0.439254 0.317762 0.268309 0.266427 0.267454 0.268138 0.311944 0.267967 0.225702 0.225017 0.265914 0.482033 0.479124 0.607803 0.695585 0.654517 0.520363 0.396304 0.395277 0.394593 0.309206
D:\Thesis\Chu_viet_tay\Experiments\Clustering\Clustering_2\data\ta\ta2\e39b13b5221592cb64729bb8d1813a2e.jpg 0.112036 0.0724199 0.0489528 0.125158 0.374211 0.597527 0.68004 0.69947 0.745395 0.655564 0.530659 0.431491 0.546303 0.872067 1 0.888721 0.747918 0.639162 0.499622 0.437295 0.369165 0.328791 0.352763 0.481201 0.664143 0.745143 0.742619 0.534191 0.361595
D:\Thesis\Chu_viet_tay\Experiments\Clustering\Clustering_2\data\ta\ta2\e4e7f472d6bfa4dc24a295bdc38b027a.jpg 0.0561469 0.161553 0.161344 0.163014 0.212064 0.162179 0.213525 0.161762 0.161762 0.164058 0.164475 0.167188 0.163014 0.165101 0.166354 0.410979 0.674807 0.83636 0.800459 0.700063 0.693801 0.547485 0.342308 0.371112 0.662075 0.928825 1 0.726988 0.460864 0.382175 0.332081 0.324567 0.274682 0.315383 0.367564 0.644959 0.733041 0.695471 0.512002 0.392402 0.244208 0.170111 0.163431 0.164684
D:\Thesis\Chu_viet_tay\Experiments\Clustering\Clustering_2\data\ta\ta2\e8c03b52ef758b4186c9bd29e74beb45.jpg 0.00300926 0.0479167 0.165509 0.259491 0.295602 0.235648 0.140741 0.157639 0.121759 0.10463 0.0905093 0.111806 0.0891204 0.149306 0.204861 0.246991 0.228704 0.185417 0.18588 0.250694 0.452546 0.568519 0.615741 0.56875 0.649769 0.7 0.87662 0.987731 0.974537 1 0.728704 0.411806 0.349306 0.304398 0.284259 0.25787 0.283333 0.231019 0.220833 0.422685 0.683796 0.799537 0.646065 0.37963 0.209722
D:\Thesis\Chu_viet_tay\Experiments\Clustering\Clustering_2\data\ta\ta2\ef42a7d44ad0d698523e0848609bd3f9.jpg 0.162313 0.162935 0.10966 0.163143 0.16335 0.161484 0.162313 0.160862 0.163972 0.112977 0.117745 0.169776 0.169154 0.22471 0.274254 0.741501 0.895522 1 0.896559 0.954809 0.747512 0.744196 0.696517 0.535448 0.635572 0.746683 0.745439 0.852612 0.957297 0.95398 0.853648 0.537313 0.537521 0.481965 0.377902 0.377488 0.382877 0.332297 0.273839 0.32898 0.224502 0.227819 0.275083 0.276534 0.226783 0.639718 0.794362 0.689262 0.790216 0.585406 0.478234 0.47699 0.478234 0.320896
D:\Thesis\Chu_viet_tay\Experiments\Clustering\Clustering_2\data\ta\ta2\f233f8cb423158e73921387491c10aec.jpg 0.00498753 0.0494597 0.153367 0.193059 0.182045 0.215503 0.214256 0.194306 0.163342 0.162926 0.164796 0.144846 0.131338 0.146301 0.151081 0.348504 0.622402 0.746883 0.862635 0.824397 0.656276 0.53325 0.427265 0.548005 0.860557 1 0.9202 0.660432 0.431629 0.34123 0.340815 0.287406 0.307149 0.285952 0.349958 0.468828 0.593724 0.634871 0.579177 0.400042 0.279925 0.161887 0.163549
D:\Thesis\Chu_viet_tay\Experiments\Clustering\Clustering_2\data\ta\ta2\f325ad644c49ad29fa9e9445e3b27ace.jpg 0.0067656 0.170013 0.170886 0.225229 0.27979 0.224793 0.171977 0.17045 0.168922 0.17045 0.167612 0.115234 0.170013 0.112833 0.168704 0.116107 0.169358 0.117416 0.173287 0.119598 0.11938 0.118071 0.117852 0.0639459 0.284374 0.340244 0.28852 0.125491 0.119817 0.119162 0.173942 0.122872 0.342209 0.673287 0.782409 1 0.890441 0.942383 0.890877 0.734614 0.565474 0.623527 0.732868 0.783282 0.729376 0.838498 0.838717 0.561327 0.395242 0.392405 0.396988 0.340681 0.340899 0.339153 0.392842 0.33828 0.394151 0.339371 0.339153 0.338717 0.340899 0.283064 0.33828 0.448494 0.616761 0.777608 0.776953 0.613269 0.558926 0.560236 0.559144 0.559581 0.394806
D:\Thesis\Chu_viet_tay\Experiments\Clustering\Clustering_2\data\ta\ta2\f386afd8a2472eac35b8d4b7ffa6e441.jpg 0.0489035 0.138158 0.169737 0.170833 0.170833 0.17193 0.173684 0.173465 0.173026 0.177632 0.174123 0.158772 0.144079 0.252851 0.477632 0.652193 0.705702 0.707895 0.780482 0.746053 0.673026 0.728509 0.851097 0.928509 1 0.953947 0.790789 0.640351 0.552193 0.446272 0.310307 0.374781 0.514912 0.730044 0.863816 0.732895 0.574561 0.424123 0.297807 0.171272 0.144518
D:\Thesis\Chu_viet_tay\Experiments\Clustering\Clustering_2\data\ta\ta2\f7c3746b2c90cc08b9054d04b1755b68.jpg 0.018383 0.0665916 0.112924 0.161133 0.174076 0.142187 0.144251 0.145751 0.129432 0.112737 0.130557 0.115363 0.130182 0.113675 0.145376 0.134309 0.143875 0.25755 0.277434 0.311386 0.507034 0.587695 0.636278 0.657475 0.610767 0.575127 0.601388 0.708122 0.873007 1 0.789533 0.539674 0.399362 0.293191 0.290189 0.29094 0.292816 0.281561 0.243482 0.273682 0.404239 0.50816 0.631401 0.641906 0.506472 0.425436 0.368411 0.256612
D:\Thesis\Chu_viet_tay\Experiments\Clustering\Clustering_2\data\ta\ta2\fa4ebd555d5e5cfd705cbee3e1ce88a5.jpg 0.0685441 0.195005 0.267535 0.336079 0.223698 0.146121 0.136823 0.137885 0.140808 0.138151 0.139745 0.142667 0.141339 0.087407 0.137354 0.258502 0.282944 0.221307 0.438895 0.587141 0.663656 0.846971 0.715197 0.736451 0.798353 0.976621 0.959086 1 0.692349 0.505579 0.376993 0.348565 0.344049 0.343783 0.294633 0.281881 0.383369 0.511424 0.697662 0.899044 0.743889 0.57492 0.245749
D:\Thesis\Chu_viet_tay\Experiments\Clustering\Clustering_2\data\ta\ta2\fcf8b46c9eeb047a5595578c6e4451d7.jpg 0.00341604 0.0350593 0.110572 0.154261 0.186983 0.173679 0.144732 0.142934 0.170802 0.261237 0.311039 0.277059 0.263754 0.233189 0.261417 0.347537 0.441927 0.51708 0.564725 0.584142 0.58594 0.73283 0.912442 1 0.785509 0.528587 0.416217 0.281374 0.270946 0.234268 0.249011 0.288385 0.354549 0.467817 0.541532 0.6548 0.518339 0.404531 0.314995
