D:\Thesis\Chu_viet_tay\Experiments\Clustering\Clustering_2\data\ta\ta1\004234dce43427d648bff8bef276765c.jpg 0.258065 0.258065 0.241935 0.241935 0.241935 0.241935 0.241935 0.241935 0.225806 0.225806 0.209677 0.016129 0.016129 0.0322581 0.0322581 0.0322581 0.209677 0.209677 0.209677 0.209677 0.225806 0.225806 0.225806 0.225806 0.225806 0.225806 0.306452 0.370968 0.33871 0.290323 0.274194 0.258065 0.241935 0.225806 0.225806 0.209677 0.209677 0.209677 0.225806 0.241935 0.403226 0.33871 0.322581 0.306452 0.306452 0.403226 0.5 0.5 0.483871 0.467742 0.467742 0.451613 0.435484
D:\Thesis\Chu_viet_tay\Experiments\Clustering\Clustering_2\data\ta\ta1\015718f4e981de0d1bd409faeabb9695.jpg 0.52027 0.519257 0.531757 0.544257 0.544257 0.544257 0.55777 0.55777 0.55777 0.55777 0.55777 0.338513 0.401013 0.438514 0.477027 0.74527 0.771284 0.75777 0.75777 0.74527 0.72027 0.53277 0.52027 0.842905 0.840878 0.838851 0.824324 0.797297 0.783784 0.77027 0.756757 0.743243 0.72973 0.71723 0.718243 0.706757 0.842905 0.803378 0.776351 0.788851 0.801351 0.866892 0.906419 0.972973 0.986486 1 1 1 1 1 1
D:\Thesis\Chu_viet_tay\Experiments\Clustering\Clustering_2\data\ta\ta1\05276058a2041d3d73ab892e0d44ee61.jpg 0.574653 0.559028 0.559028 0.543403 0.543403 0.512153 0.364583 0.375 0.432292 0.477431 0.708333 0.737847 0.751736 0.751736 0.737847 0.515625 0.53125 0.53125 0.53125 0.53125 0.53125 0.736111 0.911458 0.845486 0.829861 0.8125 0.78125 0.78125 0.765625 0.751736 0.737847 0.723958 0.711806 0.744792 0.777778 0.803819 0.831597 0.892361 0.984375 1 1 0.970486 0.956597
D:\Thesis\Chu_viet_tay\Experiments\Clustering\Clustering_2\data\ta\ta1\0587330eb0ae48c4d62754faf75dbe7d.jpg 0.597689 0.597689 0.612395 0.344538 0.326681 0.341387 0.356092 0.385504 0.572479 0.712185 0.759454 0.77416 0.788866 0.803571 0.803571 0.803571 0.597689 0.597689 0.615546 0.615546 0.855042 0.813025 0.809874 0.792017 0.77416 0.756303 0.741597 0.726891 0.730042 0.733193 0.733193 0.765756 0.813025 0.89916 0.952731 0.970588 0.970588 0.970588 0.938025 0.938025 0.908613
D:\Thesis\Chu_viet_tay\Experiments\Clustering\Clustering_2\data\ta\ta1\06cf7805c311aa2676c00150739d0d17.jpg 0.536967 0.525063 0.52381 0.510652 0.498747 0.511905 0.5 0.486842 0.288221 0.322682 0.404762 0.441729 0.466792 0.689223 0.701128 0.72619 0.72619 0.714286 0.715539 0.703634 0.538221 0.681078 0.781328 0.803885 0.802632 0.802632 0.802632 0.802632 0.789474 0.789474 0.789474 0.777569 0.765664 0.755013 0.731203 0.788847 0.857769 0.868421 0.868421 0.934211 0.986842 0.988095
D:\Thesis\Chu_viet_tay\Experiments\Clustering\Clustering_2\data\ta\ta1\0992fa3a4101bd523400fd0cb7ba439e.jpg 0.600251 0.588346 0.587093 0.598997 0.612155 0.612155 0.610902 0.596491 0.49812 0.466792 0.465539 0.47619 0.5 0.802632 0.802632 0.802632 0.790727 0.766917 0.719298 0.755013 0.766917 0.766917 0.766917 0.766917 0.753759 0.741855 0.716792 0.716792 0.716792 0.740601 0.777569 0.802632 0.973684 1 1 0.988095
D:\Thesis\Chu_viet_tay\Experiments\Clustering\Clustering_2\data\ta\ta1\09b43dd841cec875d076d38459240e18.jpg 0.600251 0.600251 0.587093 0.58584 0.58584 0.573935 0.573935 0.56203 0.56203 0.550125 0.550125 0.550125 0.550125 0.550125 0.536967 0.536967 0.300125 0.310777 0.358396 0.431078 0.597118 0.686717 0.763158 0.776316 0.776316 0.776316 0.550125 0.538221 0.538221 0.716792 0.794486 0.780075 0.765664 0.765664 0.752506 0.752506 0.740601 0.727444 0.728697 0.704887 0.56203 0.662281 0.749373 0.746867 0.770677 0.807644 0.898496 0.936717 0.961779 0.986842 0.986842 0.988095
D:\Thesis\Chu_viet_tay\Experiments\Clustering\Clustering_2\data\ta\ta1\0a13472a1d09aacaa937a6965a9df110.jpg 0.541958 0.530594 0.529138 0.529138 0.541958 0.298368 0.285548 0.285548 0.308275 0.36655 0.413462 0.564394 0.676865 0.712413 0.736597 0.736597 0.736597 0.749417 0.749417 0.879079 0.856352 0.846445 0.857809 0.857809 0.867716 0.853438 0.850524 0.836247 0.823427 0.82197 0.796329 0.772145 0.760781 0.749417 0.72669 0.728147 0.827797 0.850524 0.887529 0.962995 0.98718 1 1 0.975816 0.964452 0.965909
D:\Thesis\Chu_viet_tay\Experiments\Clustering\Clustering_2\data\ta\ta1\104589e3296fecd55d0760b505fc0bde.jpg 0.458042 0.458042 0.445221 0.445221 0.445221 0.445221 0.432401 0.291375 0.287005 0.342366 0.399184 0.446096 0.624126 0.636946 0.614219 0.409674 0.422494 0.422494 0.567599 0.68852 0.719697 0.716783 0.702506 0.701049 0.688228 0.675408 0.651224 0.62704 0.604312 0.469406 0.482226 0.495047 0.530594 0.645688 0.668415 0.692599 0.793706 0.830711 0.856352 0.856352 0.856352 0.844988 0.844988 0.844988 0.833625
D:\Thesis\Chu_viet_tay\Experiments\Clustering\Clustering_2\data\ta\ta1\1d501053e4535489ce2491ba617ec8fd.jpg 0.445221 0.445221 0.445221 0.432401 0.432401 0.421037 0.421037 0.22873 0.238636 0.272727 0.331002 0.481935 0.555944 0.555944 0.568765 0.568765 0.421037 0.433858 0.445221 0.458042 0.617133 0.628497 0.638403 0.625583 0.612762 0.612762 0.612762 0.612762 0.601399 0.590035 0.432401 0.547494 0.560315 0.595862 0.61859 0.617133 0.629953 0.795163 0.795163 0.806527 0.795163 0.795163 0.770979
D:\Thesis\Chu_viet_tay\Experiments\Clustering\Clustering_2\data\ta\ta1\23dd2a8ba83cbdecab4dcd7a4ecba315.jpg 0.458042 0.458042 0.445221 0.432401 0.432401 0.41958 0.408217 0.408217 0.396853 0.408217 0.40676 0.372378 0.400641 0.410548 0.420455 0.420455 0.612762 0.612762 0.612762 0.38549 0.38549 0.38549 0.578671 0.70542 0.703963 0.689685 0.676865 0.651224 0.651224 0.638403 0.62704 0.62704 0.604312 0.469406 0.470862 0.482226 0.482226 0.577506 0.659965 0.681235 0.692599 0.768065 0.81789 0.843531 0.843531 0.844988
D:\Thesis\Chu_viet_tay\Experiments\Clustering\Clustering_2\data\ta\ta1\26913ccdab94e79c758c9511eedf941a.jpg 0.493902 0.493902 0.481707 0.481707 0.481707 0.481707 0.481707 0.481707 0.273559 0.364468 0.43265 0.479767 0.636641 0.696785 0.708149 0.708149 0.696785 0.45898 0.470344 0.45898 0.45898 0.471175 0.471175 0.812361 0.784645 0.770787 0.757761 0.756929 0.756098 0.743902 0.743902 0.743902 0.720344 0.70898 0.697616 0.674889 0.505266 0.506098 0.741685 0.751386 0.774113 0.79684 0.868348 0.916297 0.963415 0.987805 1
D:\Thesis\Chu_viet_tay\Experiments\Clustering\Clustering_2\data\ta\ta1\2843fa08b4668868a08a064ce0d75cf1.jpg 0.514706 0.514706 0.527864 0.527864 0.513158 0.29257 0.277864 0.330495 0.356811 0.397833 0.626935 0.669505 0.682663 0.682663 0.697368 0.684211 0.5 0.592105 0.552632 0.706656 0.860681 0.842879 0.826625 0.825077 0.808824 0.794118 0.779412 0.764706 0.764706 0.736842 0.723684 0.725232 0.698916 0.77709 0.747678 0.772446 0.825077 0.852941 0.882353 1
D:\Thesis\Chu_viet_tay\Experiments\Clustering\Clustering_2\data\ta\ta1\3175a1a63111f147ddf3964b55b9c175.jpg 0.609848 0.608586 0.608586 0.608586 0.608586 0.608586 0.608586 0.608586 0.608586 0.608586 0.608586 0.608586 0.593434 0.380051 0.388889 0.444444 0.487374 0.758838 0.80303 0.984848 1 0.984848 0.984848 0.955808 0.941919 0.955808 0.867424 0.77904 0.776515 0.775253 0.760101 0.744949 0.729798 0.714646 0.714646 0.700758 0.686869 0.67298 0.688131 0.703283 0.732323 0.761364 0.897727 0.926768 0.926768 0.926768 0.912879 0.883838
D:\Thesis\Chu_viet_tay\Experiments\Clustering\Clustering_2\data\ta\ta1\328c5faa6550d29e0d4974b7bb1ff9c2.jpg 0.529412 0.527864 0.527864 0.513158 0.513158 0.513158 0.485294 0.485294 0.485294 0.279412 0.264706 0.30418 0.356811 0.497678 0.569659 0.613777 0.600619 0.429567 0.429567 0.653251 0.679567 0.692724 0.720588 0.720588 0.720588 0.705882 0.705882 0.705882 0.678019 0.664861 0.653251 0.444272 0.590557 0.719814 0.729876 0.739938 0.753096 0.766254 0.985294 1 1 0.972136 0.944272 0.916409 0.888545
D:\Thesis\Chu_viet_tay\Experiments\Clustering\Clustering_2\data\ta\ta1\333bca3b87cdedecd78f5666d53eab8b.jpg 0.522727 0.521465 0.535354 0.535354 0.521465 0.506313 0.506313 0.308081 0.376263 0.40404 0.431818 0.641414 0.699495 0.728535 0.728535 0.757576 0.757576 0.521465 0.507576 0.522727 0.823232 0.820707 0.804293 0.80303 0.772727 0.757576 0.742424 0.742424 0.713384 0.699495 0.700758 0.688131 0.704545 0.748737 0.791667 0.834596 0.924242 0.954545 0.984848 1 1 1 1
D:\Thesis\Chu_viet_tay\Experiments\Clustering\Clustering_2\data\ta\ta1\36b8fc5798bbb0cad5d1c24d5ce1511d.jpg 0.666478 0.666478 0.666478 0.654282 0.654282 0.654282 0.654282 0.654282 0.349404 0.349404 0.349404 0.396483 0.515031 0.64861 0.745037 0.781622 0.79325 0.793817 0.805445 0.83097 0.856495 0.794385 0.79325 0.79325 0.792683 0.792683 0.792683 0.781055 0.781622 0.904141 0.868123 0.832104 0.831537 0.854793 0.878616 0.939024 0.963415 0.987805 1 1
D:\Thesis\Chu_viet_tay\Experiments\Clustering\Clustering_2\data\ta\ta1\3f93b8b0b747b2ef50378aa61d63ff0e.jpg 0.54102 0.54102 0.528825 0.540188 0.540188 0.540188 0.528825 0.528825 0.309313 0.297118 0.296286 0.30765 0.365299 0.495288 0.62694 0.686253 0.709812 0.709812 0.721175 0.709812 0.698448 0.517461 0.619734 0.574279 0.597007 0.585643 0.7148 0.832594 0.819568 0.817905 0.817073 0.804878 0.792683 0.780488 0.780488 0.756929 0.757761 0.735033 0.735865 0.736696 0.760255 0.795177 0.818736 0.927661 0.97561 0.987805 1
D:\Thesis\Chu_viet_tay\Experiments\Clustering\Clustering_2\data\ta\ta1\406c0e70e32cd0fa08299a9d4673c261.jpg 0.458149 0.446785 0.445953 0.445953 0.457317 0.457317 0.445953 0.445953 0.445953 0.445953 0.445953 0.445953 0.445953 0.445953 0.263027 0.27439 0.330377 0.388027 0.422949 0.470067 0.639135 0.662694 0.674058 0.674058 0.674058 0.905765 0.91796 0.918792 0.930155 0.787971 0.645787 0.643293 0.630266 0.629435 0.628603 0.616408 0.616408 0.592849 0.592849 0.581486 0.570122 0.547395 0.547395 0.570953 0.605044 0.628603 0.652162 0.809867 0.834257 0.834257 0.822894 0.81153
D:\Thesis\Chu_viet_tay\Experiments\Clustering\Clustering_2\data\ta\ta1\45ccfafed14db14b2af476fd30aecc3f.jpg 0.51087 0.499547 0.499547 0.488678 0.488678 0.488678 0.488678 0.499547 0.499547 0.499547 0.499547 0.389946 0.355525 0.38587 0.41712 0.437953 0.6875 0.697917 0.697917 0.697917 0.51087 0.638134 0.754982 0.774457 0.763134 0.762681 0.751812 0.751359 0.740489 0.740489 0.719203 0.719203 0.708786 0.677083 0.54212 0.54212 0.646286 0.677989 0.774909 0.795743 0.870924 0.90308 0.935236 0.967391 0.978261 0.98913 1
D:\Thesis\Chu_viet_tay\Experiments\Clustering\Clustering_2\data\ta\ta1\49226484dcac9a656f699dd3da6e8d9b.jpg 0.467844 0.457428 0.456975 0.456975 0.456975 0.456975 0.456975 0.456975 0.456975 0.456975 0.25 0.34375 0.38587 0.493659 0.634058 0.655344 0.655344 0.666214 0.666214 0.655797 0.468297 0.468297 0.468297 0.468297 0.606431 0.733696 0.742754 0.720562 0.698822 0.6875 0.655344 0.644475 0.644475 0.634058 0.624094 0.657609 0.680707 0.679348 0.700181 0.731884 0.796649 0.839674 0.850543 0.861413 0.861413 0.850543
D:\Thesis\Chu_viet_tay\Experiments\Clustering\Clustering_2\data\ta\ta1\4b4354b0ca31e2656fd0736e3c5ad580.jpg 0.478261 0.467844 0.478261 0.478261 0.478261 0.467844 0.467844 0.478261 0.271739 0.312953 0.35462 0.375453 0.418025 0.624094 0.765399 0.765399 0.624094 0.613678 0.603261 0.468297 0.541214 0.509964 0.530797 0.615489 0.700181 0.688859 0.666667 0.644928 0.634058 0.623188 0.612319 0.591033 0.580616 0.570652 0.560236 0.691123 0.65942 0.627264 0.605525 0.594656 0.605525 0.637681 0.638134
D:\Thesis\Chu_viet_tay\Experiments\Clustering\Clustering_2\data\ta\ta1\4b86e77f85ddfce0d55ace875bd1a880.jpg 0.414402 0.414402 0.414402 0.414402 0.414402 0.414402 0.240489 0.22962 0.22962 0.271739 0.376359 0.429348 0.515399 0.558877 0.580616 0.591486 0.591486 0.591486 0.591486 0.592844 0.583333 0.582428 0.571105 0.559783 0.55933 0.558877 0.558877 0.558877 0.537591 0.537591 0.516757 0.506793 0.496377 0.517663 0.549819 0.571105 0.592391 0.722373 0.744112 0.754529 0.754529 0.743659 0.733243 0.712409 0.691123 0.65942
D:\Thesis\Chu_viet_tay\Experiments\Clustering\Clustering_2\data\ta\ta1\4ce4c8204ba8ba9b16dc14a58d20040a.jpg 0.56203 0.56203 0.547744 0.547744 0.547744 0.547744 0.547744 0.547744 0.319173 0.290601 0.303759 0.356391 0.437594 0.648496 0.703383 0.743985 0.743985 0.958271 0.858271 0.915413 0.87594 0.823308 0.805639 0.802256 0.786842 0.785714 0.771429 0.757143 0.742857 0.742857 0.715414 0.716541 0.717669 0.706767 0.823308 0.767293 0.724436 0.72218 0.761654 0.802256 0.901128 0.957143 0.985714 1
D:\Thesis\Chu_viet_tay\Experiments\Clustering\Clustering_2\data\ta\ta1\4f39ebbe1e2b9a28207be3763595deaa.jpg 0.549043 0.537679 0.549043 0.549043 0.520933 0.32177 0.410885 0.409091 0.454545 0.582536 0.776316 0.789474 0.789474 0.789474 0.764952 0.753588 0.537679 0.550837 0.550837 0.671651 0.779306 0.787081 0.796651 0.794856 0.793062 0.791268 0.791268 0.77811 0.77811 0.764952 0.766746 0.744019 0.732656 0.736244 0.76256 0.76256 0.808014 0.832536 0.924641 0.962321 0.977273 0.977273 0.952751 0.92823 0.916866
D:\Thesis\Chu_viet_tay\Experiments\Clustering\Clustering_2\data\ta\ta1\568f5977b2f72b439d4db7c61a1ffe36.jpg 0.5 0.488636 0.5 0.498206 0.486842 0.486842 0.486842 0.475478 0.475478 0.475478 0.475478 0.32177 0.354067 0.410885 0.433612 0.482655 0.520335 0.715909 0.729067 0.742225 0.965909 0.954545 0.965909 0.965909 0.879187 0.792464 0.777512 0.76256 0.747608 0.721292 0.708134 0.694976 0.683612 0.683612 0.672249 0.651316 0.65311 0.694378 0.703947 0.751196 0.775718 0.851077 0.89055 0.915072 0.916866 0.903708 0.892344
D:\Thesis\Chu_viet_tay\Experiments\Clustering\Clustering_2\data\ta\ta1\593bfce32b754002fd619ac964fcd708.jpg 0.464115 0.452751 0.450957 0.450957 0.450957 0.462321 0.528708 0.470694 0.440789 0.412679 0.397727 0.409091 0.422249 0.632775 0.621412 0.598684 0.575957 0.450957 0.450957 0.450957 0.439593 0.450957 0.577751 0.600478 0.600478 0.598684 0.585526 0.572368 0.572368 0.547847 0.536483 0.52512 0.513756 0.504187 0.517344 0.555024 0.590909 0.626794 0.662679 0.75299 0.830144 0.843301 0.831938
D:\Thesis\Chu_viet_tay\Experiments\Clustering\Clustering_2\data\ta\ta1\59b9fe4db0f40d70b1e1a11cb79d8913.jpg 0.475478 0.464115 0.475478 0.475478 0.475478 0.475478 0.475478 0.475478 0.488636 0.488636 0.488636 0.488636 0.27811 0.251794 0.263158 0.308612 0.40311 0.491627 0.538876 0.66866 0.680024 0.693182 0.693182 0.693182 0.681818 0.693182 0.693182 0.693182 0.693182 0.69677 0.688995 0.674043 0.659091 0.657297 0.657297 0.644139 0.644139 0.619617 0.619617 0.59689 0.426435 0.415072 0.671651 0.68122 0.715311 0.739833 0.79067 0.841507 0.854665 0.867823 0.867823 0.867823 0.843301 0.831938
D:\Thesis\Chu_viet_tay\Experiments\Clustering\Clustering_2\data\ta\ta1\5ad495b60a4ef8cca2bc3d5c6d468061.jpg 0.366029 0.366029 0.366029 0.377392 0.352871 0.352871 0.311603 0.285885 0.318182 0.352273 0.401316 0.557416 0.56878 0.581938 0.781101 0.796053 0.794258 0.807416 0.807416 0.807416 0.807416 0.718899 0.619019 0.575957 0.574163 0.559211 0.570574 0.570574 0.570574 0.559211 0.547847 0.536483 0.513756 0.52512 0.547847 0.610048 0.645933 0.659091 0.830144 0.830144 0.816986 0.794258
D:\Thesis\Chu_viet_tay\Experiments\Clustering\Clustering_2\data\ta\ta1\5dbbcce3cc09b86a4873ca809f42e5b4.jpg 0.543415 0.543415 0.530594 0.287005 0.285548 0.308275 0.376457 0.410548 0.446096 0.688228 0.712413 0.725233 0.903263 0.8919 0.879079 0.854895 0.843531 0.833625 0.844988 0.844988 0.844988 0.844988 0.844988 0.80507 0.753788 0.750874 0.749417 0.73514 0.746503 0.746503 0.733683 0.733683 0.709499 0.710956 0.699592 0.688228 0.702506 0.715326 0.725233 0.736597 0.760781 0.951632 0.964452 0.977273 0.977273 0.977273
D:\Thesis\Chu_viet_tay\Experiments\Clustering\Clustering_2\data\ta\ta1\5f626658161bd4573c68d3e51d08f577.jpg 0.593327 0.593327 0.581963 0.581963 0.5706 0.5706 0.5706 0.559961 0.559961 0.559961 0.548598 0.330513 0.404981 0.447534 0.458172 0.469536 0.71881 0.719536 0.698259 0.560687 0.560687 0.560687 0.560687 0.560687 0.560687 0.560687 0.71325 0.865812 0.853723 0.841634 0.829545 0.806818 0.784816 0.773453 0.762814 0.752176 0.730899 0.720986 0.733075 0.77853 0.789168 0.832447 0.865812 0.92118 0.954545 0.988636 1
D:\Thesis\Chu_viet_tay\Experiments\Clustering\Clustering_2\data\ta\ta1\62dbb6608627e259590b9d9be6fa1b20.jpg 0.576441 0.575188 0.575188 0.587093 0.587093 0.587093 0.587093 0.587093 0.598997 0.33584 0.346491 0.382206 0.406015 0.468045 0.715539 0.765664 0.777569 0.802632 0.802632 0.802632 0.802632 0.588346 0.588346 0.588346 0.588346 0.707394 0.731203 0.743108 0.755013 0.755013 0.741855 0.728697 0.715539 0.690476 0.678571 0.666667 0.656015 0.656015 0.716792 0.780075 0.818296 0.910401 0.961779 0.974937 0.988095
D:\Thesis\Chu_viet_tay\Experiments\Clustering\Clustering_2\data\ta\ta1\697a3cc4f26a40fecf1ea000bb4f3e33.jpg 0.525063 0.525063 0.525063 0.52381 0.52381 0.52381 0.52381 0.536967 0.536967 0.536967 0.536967 0.536967 0.536967 0.309524 0.404762 0.453634 0.491855 0.557644 0.715539 0.636591 0.676065 0.662907 0.676065 0.76817 0.847118 0.832707 0.8302 0.817043 0.790727 0.777569 0.777569 0.777569 0.777569 0.753759 0.755013 0.766917 0.766917 0.746867 0.713659 0.697995 0.756266 0.79198 0.817043 0.909148 0.974937
D:\Thesis\Chu_viet_tay\Experiments\Clustering\Clustering_2\data\ta\ta1\6aa7e24cebd5a964cb7793e2a93bbe61.jpg 0.470344 0.45898 0.458149 0.458149 0.445953 0.445953 0.458149 0.458149 0.458149 0.458149 0.458149 0.458149 0.458149 0.523836 0.444013 0.455377 0.478104 0.501663 0.513858 0.526053 0.481707 0.493902 0.505266 0.505266 0.505266 0.676552 0.699279 0.734202 0.782982 0.758592 0.746397 0.746397 0.722838 0.710643 0.699279 0.711475 0.564579 0.69041 0.762749 0.795177 0.806541 0.817905 0.829268 0.987805 1 1
D:\Thesis\Chu_viet_tay\Experiments\Clustering\Clustering_2\data\ta\ta1\6b1a0fcc10aaecc1d3c35e190704e26f.jpg 0.377525 0.376263 0.361111 0.376263 0.376263 0.376263 0.223485 0.265152 0.348485 0.390152 0.539141 0.597222 0.611111 0.625 0.640152 0.640152 0.640152 0.640152 0.640152 0.641414 0.871212 0.763889 0.824495 0.794192 0.809343 0.781566 0.739899 0.75 0.732323 0.715909 0.700758 0.670455 0.670455 0.655303 0.655303 0.641414 0.656566 0.642677 0.657828 0.686869 0.744949 0.954545 0.984848 1 1 1 1 0.97096
D:\Thesis\Chu_viet_tay\Experiments\Clustering\Clustering_2\data\ta\ta1\746403ad0db57ece1ef5309c930773dd.jpg 0.550505 0.536616 0.535354 0.535354 0.535354 0.535354 0.535354 0.535354 0.521465 0.521465 0.521465 0.506313 0.506313 0.27904 0.27904 0.334596 0.405303 0.599747 0.657828 0.671717 0.700758 0.700758 0.912879 0.912879 0.92803 0.92803 0.856061 0.768939 0.794192 0.762626 0.746212 0.731061 0.715909 0.715909 0.715909 0.686869 0.67298 0.67298 0.660354 0.674242 0.705808 0.708333 0.75 0.763889 0.853535 0.897727 0.897727 0.897727 0.897727 0.883838
D:\Thesis\Chu_viet_tay\Experiments\Clustering\Clustering_2\data\ta\ta1\74b8b6207d28813834aa8ae06edeb5b4.jpg 0.640476 0.62619 0.62619 0.62619 0.62619 0.62619 0.614286 0.614286 0.302381 0.3 0.32381 0.347619 0.409524 0.664286 0.714286 0.764286 0.776191 0.788095 0.8 0.8 0.8 0.8 0.561905 0.561905 0.561905 0.561905 0.561905 0.561905 0.7 0.82619 0.835714 0.819048 0.802381 0.8 0.8 0.8 0.788095 0.776191 0.752381 0.597619 0.611905 0.685714 0.711905 0.761905 0.8 0.883333 0.92381 0.952381 0.964286 0.964286 0.952381 0.938095
D:\Thesis\Chu_viet_tay\Experiments\Clustering\Clustering_2\data\ta\ta1\753a1c79727a36028735213a12eac418.jpg 0.538221 0.550125 0.536967 0.536967 0.300125 0.298872 0.382206 0.442982 0.491855 0.699875 0.739348 0.765664 0.765664 0.766917 0.743108 0.588346 0.588346 0.731203 0.766917 0.79198 0.803885 0.815789 0.802632 0.802632 0.802632 0.789474 0.777569 0.790727 0.778822 0.637218 0.650376 0.650376 0.737469 0.812657 0.822055 0.845865 0.922306 0.973684 1 1 0.988095
D:\Thesis\Chu_viet_tay\Experiments\Clustering\Clustering_2\data\ta\ta1\76c47514dbd7df88f99a4845b0d9a5b5.jpg 0.449875 0.43797 0.436717 0.436717 0.436717 0.436717 0.436717 0.436717 0.436717 0.436717 0.436717 0.436717 0.436717 0.331454 0.334586 0.369048 0.404762 0.442982 0.62594 0.639098 0.627193 0.424812 0.43797 0.451128 0.451128 0.451128 0.600251 0.749373 0.720551 0.731203 0.704887 0.690476 0.677318 0.677318 0.677318 0.665414 0.665414 0.824561 0.800752 0.750627 0.711153 0.684837 0.720551 0.744361 0.795739 0.860276 0.912907 0.926065
D:\Thesis\Chu_viet_tay\Experiments\Clustering\Clustering_2\data\ta\ta1\7f012df7fd40b160aec96208a8329972.jpg 0.461779 0.461779 0.448622 0.448622 0.423559 0.239348 0.239348 0.239348 0.252506 0.327694 0.390977 0.505639 0.541353 0.577068 0.588972 0.614035 0.62594 0.614035 0.399749 0.399749 0.399749 0.399749 0.399749 0.399749 0.399749 0.401003 0.699248 0.683584 0.681078 0.691729 0.677318 0.677318 0.676065 0.66416 0.66416 0.652256 0.652256 0.628446 0.616541 0.642857 0.66792 0.704887 0.822055 0.873434 0.899749 0.912907 0.912907 0.912907 0.899749
D:\Thesis\Chu_viet_tay\Experiments\Clustering\Clustering_2\data\ta\ta1\80035145c34b9230a92cde65960a0648.jpg 0.55935 0.54607 0.54607 0.54607 0.314363 0.302168 0.301084 0.345528 0.42439 0.458808 0.699458 0.746071 0.746071 0.769377 0.758266 0.569377 0.569377 0.569377 0.747154 0.781572 0.853659 0.829268 0.817073 0.804878 0.792683 0.792683 0.792683 0.781572 0.782656 0.772629 0.78374 0.799187 0.814634 0.812466 0.810298 0.83252 0.855827 0.964499 0.976694 0.988889 0.988889 0.988889 0.977778
D:\Thesis\Chu_viet_tay\Experiments\Clustering\Clustering_2\data\ta\ta1\879369541e7b2bac3d7e2665634c991e.jpg 0.515971 0.514333 0.499181 0.499181 0.499181 0.271908 0.256757 0.285422 0.342752 0.484439 0.641278 0.700246 0.715397 0.730549 0.730549 0.730549 0.730549 0.730549 0.730549 0.622441 0.500819 0.649468 0.676495 0.703522 0.717035 0.701884 0.715397 0.700246 0.686732 0.659705 0.659705 0.674857 0.764128 0.806306 0.92588 0.969697 1 1 1 1
D:\Thesis\Chu_viet_tay\Experiments\Clustering\Clustering_2\data\ta\ta1\8beaa4de50b91d6653ee45155e565fa0.jpg 0.521379 0.501379 0.501379 0.481379 0.481379 0.478621 0.478621 0.495862 0.645517 0.58 0.5 0.5 0.6 0.72 0.72 0.74 0.722759 0.965517 0.862759 0.922759 0.885517 0.848276 0.842759 0.8 0.76 0.74 0.7 0.68 0.66 0.622759 0.605517 0.588276 0.591034 0.593793 0.596552 0.733793 0.751034 0.788276 0.888276 0.925517 0.945517
D:\Thesis\Chu_viet_tay\Experiments\Clustering\Clustering_2\data\ta\ta1\8efcc1d4c9573d59933562442735e320.jpg 0.579587 0.567959 0.567959 0.556331 0.544703 0.533592 0.533592 0.533592 0.533592 0.522481 0.533592 0.521964 0.356589 0.400517 0.43385 0.467183 0.478811 0.513178 0.522481 0.522481 0.522481 0.522481 0.522481 0.522481 0.522481 0.522481 0.711886 0.83876 0.838243 0.826615 0.814987 0.803359 0.791731 0.791731 0.791731 0.78062 0.769509 0.758398 0.747287 0.725065 0.759432 0.792765 0.826615 0.849354 0.94186 0.965116 0.988372 1 1
D:\Thesis\Chu_viet_tay\Experiments\Clustering\Clustering_2\data\ta\ta1\979154be2d637858b38029ee593dc3b3.jpg 0.567959 0.556848 0.556331 0.556331 0.556331 0.556331 0.556331 0.312145 0.311628 0.367183 0.445478 0.524806 0.686563 0.756331 0.767959 0.767959 0.767959 0.567959 0.556848 0.556848 0.568475 0.658915 0.738243 0.74832 0.735659 0.746253 0.757364 0.745736 0.745736 0.745736 0.734625 0.735142 0.829199 0.80646 0.772093 0.747804 0.769509 0.791731 0.87261 0.930749 0.942377 0.931266
D:\Thesis\Chu_viet_tay\Experiments\Clustering\Clustering_2\data\ta\ta1\a3e59236f6744c5796ffc336a3a9caaf.jpg 0.499742 0.48863 0.488114 0.499225 0.499225 0.499225 0.499225 0.510853 0.510853 0.510853 0.510853 0.510853 0.371318 0.289406 0.367183 0.389406 0.411628 0.480362 0.68863 0.71137 0.71137 0.71137 0.700258 0.533592 0.534109 0.54522 0.54522 0.54522 0.54522 0.658915 0.77261 0.794315 0.782171 0.781137 0.757881 0.757364 0.756848 0.734109 0.734109 0.71137 0.700258 0.689147 0.700258 0.710853 0.733592 0.756331 0.77907 0.965116 0.988372 0.988372 0.988372 0.988372
D:\Thesis\Chu_viet_tay\Experiments\Clustering\Clustering_2\data\ta\ta1\ad37b1ca63daaf6f5dcb67940bf8fd03.jpg 0.647969 0.637331 0.636605 0.625242 0.625242 0.625242 0.614603 0.614603 0.592602 0.592602 0.592602 0.490329 0.442698 0.41707 0.458898 0.46881 0.479449 0.501451 0.784816 0.784816 0.784816 0.784816 0.785542 0.774903 0.853723 0.84236 0.841634 0.830271 0.818907 0.818907 0.807544 0.796905 0.774903 0.764265 0.636605 0.636605 0.711074 0.722437 0.733075 0.808269 0.840909 0.863636 0.875 0.988636 1
D:\Thesis\Chu_viet_tay\Experiments\Clustering\Clustering_2\data\ta\ta1\b4bd7617176dfc4c3e1ab52478ac807b.jpg 0.708333 0.708333 0.694444 0.694444 0.694444 0.694444 0.694444 0.694444 0.706349 0.706349 0.706349 0.680556 0.345238 0.345238 0.44246 0.480159 0.628968 0.835317 0.847222 0.861111 0.861111 0.849206 0.68254 0.696429 0.793651 0.878968 0.863095 0.861111 0.861111 0.847222 0.833333 0.833333 0.819444 0.80754 0.795635 0.785714 0.815476 0.84127 0.84127 0.853175 0.920635 0.97619 0.97619 0.97619 0.950397 0.924603 0.912698
D:\Thesis\Chu_viet_tay\Experiments\Clustering\Clustering_2\data\ta\ta1\b94912caa9ab3641f2c4d81410fa90c9.jpg 0.521429 0.534586 0.533459 0.533459 0.533459 0.533459 0.520301 0.520301 0.520301 0.519173 0.519173 0.382707 0.434211 0.460526 0.502256 0.702256 0.716541 0.717669 0.520301 0.520301 0.520301 0.520301 0.520301 0.520301 0.521429 0.656391 0.778196 0.748496 0.733083 0.717669 0.703383 0.703383 0.689098 0.689098 0.67594 0.662782 0.478571 0.491729 0.59812 0.638722 0.705639 0.746241 0.830827 0.942857 0.971429 1 1 1 1
D:\Thesis\Chu_viet_tay\Experiments\Clustering\Clustering_2\data\ta\ta1\bd34188deffe56de0d8e99f0313f9b23.jpg 0.567293 0.577932 0.577932 0.577932 0.577932 0.577932 0.577932 0.31049 0.3095 0.330777 0.416873 0.599951 0.668728 0.725878 0.726868 0.705591 0.71623 0.71623 0.71623 0.71623 0.71623 0.796635 0.866403 0.840178 0.827561 0.781049 0.780059 0.768431 0.757793 0.735527 0.724889 0.702622 0.53241 0.554676 0.566304 0.566304 0.749134 0.781049 0.803315 0.825581 0.988372 1 0.988372 0.977734
D:\Thesis\Chu_viet_tay\Experiments\Clustering\Clustering_2\data\ta\ta1\c0a8ce6de5229d91ff54aca5da74adfa.jpg 0.466601 0.455962 0.454973 0.465611 0.465611 0.477239 0.477239 0.477239 0.477239 0.477239 0.477239 0.488867 0.488867 0.488867 0.3095 0.362692 0.405245 0.438149 0.460416 0.691984 0.703612 0.703612 0.703612 0.82187 0.809253 0.796635 0.795646 0.783028 0.782039 0.758783 0.736517 0.724889 0.71425 0.71425 0.703612 0.533399 0.650421 0.650421 0.76571 0.77338 0.794656 0.805294 0.897328 0.955468 0.967095 0.967095 0.967095
D:\Thesis\Chu_viet_tay\Experiments\Clustering\Clustering_2\data\ta\ta1\c25f29b4ac754e37f4ca57bc13e4dc7e.jpg 0.422068 0.422068 0.422068 0.432707 0.432707 0.432707 0.432707 0.432707 0.432707 0.432707 0.421079 0.331766 0.352053 0.37333 0.394607 0.406235 0.579664 0.579664 0.591291 0.591291 0.743444 0.757051 0.378525 0.377536 0.377536 0.526472 0.558387 0.580653 0.579664 0.579664 0.568036 0.568036 0.545769 0.535131 0.524493 0.503216 0.48194 0.493568 0.597229 0.59525 0.604899 0.627165 0.754082 0.777338 0.777338 0.777338 0.755072 0.755072 0.744433
D:\Thesis\Chu_viet_tay\Experiments\Clustering\Clustering_2\data\ta\ta1\c31a837f889442a4e8f0e66c7db3cd4e.jpg 0.642857 0.641071 0.626786 0.626786 0.626786 0.383929 0.326786 0.326786 0.339286 0.376786 0.428571 0.494643 0.775 0.801786 0.814286 0.814286 0.816071 0.628571 0.728571 0.678571 0.703571 0.691071 0.7875 0.883929 0.891071 0.875 0.858929 0.857143 0.842857 0.814286 0.814286 0.8 0.785714 0.773214 0.748214 0.75 0.751786 0.753571 0.755357 0.769643 0.808929 0.85 0.919643 0.960714 0.9875 0.9875 0.975 0.975
D:\Thesis\Chu_viet_tay\Experiments\Clustering\Clustering_2\data\ta\ta1\cb19ae676b5169805a18b7e9ebd244dc.jpg 0.690909 0.692045 0.678409 0.689773 0.677273 0.677273 0.677273 0.677273 0.665909 0.377273 0.410227 0.444318 0.490909 0.789773 0.801136 0.801136 0.8125 0.8125 0.825 1 1 0.977273 0.988636 0.988636 0.988636 0.939773 0.879545 0.877273 0.851136 0.85 0.8375 0.825 0.8125 0.788636 0.777273 0.754545 0.755682 0.756818 0.780682 0.792045 0.815909 0.927273 0.952273 0.963636 0.952273 0.940909 0.917045
D:\Thesis\Chu_viet_tay\Experiments\Clustering\Clustering_2\data\ta\ta1\cb4145c507f3b26a91d2808235ad2bbd.jpg 0.552227 0.541357 0.550901 0.550901 0.561771 0.306999 0.283934 0.283934 0.296129 0.308324 0.355779 0.469777 0.57158 0.652969 0.688229 0.746554 0.746554 0.746554 0.746554 0.541357 0.650053 0.595705 0.628314 0.732768 0.826352 0.82105 0.807529 0.794008 0.792683 0.780488 0.780488 0.780488 0.792683 0.804878 0.818399 0.79666 0.773595 0.762725 0.773595 0.79666 0.941676 0.953871 0.966066 0.978261 0.978261 0.978261
D:\Thesis\Chu_viet_tay\Experiments\Clustering\Clustering_2\data\ta\ta1\cfefee488e38cacebdd57247b5449414.jpg 0.626692 0.626692 0.615329 0.615329 0.615329 0.615329 0.615329 0.615329 0.615329 0.625967 0.625242 0.642892 0.56117 0.446809 0.457447 0.457447 0.457447 0.46881 0.752901 0.752901 0.753627 0.73235 0.615329 0.615329 0.604691 0.615329 0.757253 0.88854 0.865087 0.841634 0.818907 0.79618 0.784816 0.762814 0.752176 0.741538 0.742263 0.764265 0.786267 0.819633 0.864362 0.977273 0.988636 1 0.988636 0.977998
D:\Thesis\Chu_viet_tay\Experiments\Clustering\Clustering_2\data\ta\ta1\d25e61155664fb1ddc2655fa248a010a.jpg 0.577785 0.577785 0.577785 0.577785 0.58998 0.58998 0.58998 0.333223 0.331905 0.354977 0.391562 0.479565 0.735003 0.747198 0.759394 0.759394 0.759394 0.759394 0.922874 0.910679 0.897165 0.895847 0.840475 0.851351 0.824324 0.810811 0.797297 0.783784 0.77027 0.744562 0.732367 0.706658 0.694463 0.695781 0.6971 0.722808 0.828279 0.799934 0.812129 0.825643 0.986486 1 1 0.987805 0.987805
D:\Thesis\Chu_viet_tay\Experiments\Clustering\Clustering_2\data\ta\ta1\d45618f1715d45b8fe27b38031368d98.jpg 0.586152 0.586152 0.574524 0.585888 0.585888 0.597516 0.597516 0.585888 0.585888 0.585888 0.57426 0.353066 0.386364 0.431818 0.605708 0.756343 0.779334 0.790698 0.790698 0.988372 0.988636 1 1 1 0.90777 0.815539 0.815011 0.768499 0.756607 0.756343 0.744715 0.733087 0.710095 0.698467 0.687104 0.67574 0.516913 0.528277 0.630814 0.665433 0.699524 0.733879 0.756871 0.861258 0.919133 0.919397
D:\Thesis\Chu_viet_tay\Experiments\Clustering\Clustering_2\data\ta\ta1\eb43f31cc6350ab44d657b2dd0a7324a.jpg 0.436575 0.425211 0.424947 0.436311 0.436311 0.447939 0.436575 0.436575 0.424947 0.412791 0.364165 0.375264 0.397992 0.420719 0.432347 0.618129 0.629493 0.629493 0.629493 0.64112 0.629757 0.60703 0.735201 0.723837 0.700846 0.665433 0.665169 0.653277 0.641649 0.630021 0.606765 0.606765 0.595137 0.572146 0.549419 0.538055 0.515328 0.526956 0.561311 0.595666 0.653277 0.769292 0.803911 0.815539 0.827167 0.804175
D:\Thesis\Chu_viet_tay\Experiments\Clustering\Clustering_2\data\ta\ta1\ec50ed60f7b4d036f089946c49a0db00.jpg 0.390592 0.379228 0.378964 0.390328 0.390328 0.227537 0.215909 0.227273 0.295983 0.445825 0.503435 0.537791 0.537791 0.549154 0.537791 0.355973 0.355973 0.355973 0.344609 0.344609 0.344873 0.356237 0.356237 0.539905 0.712209 0.722516 0.698996 0.687104 0.675476 0.663848 0.663848 0.663848 0.640856 0.629493 0.618129 0.595402 0.447939 0.459567 0.573203 0.584567 0.618658 0.653013 0.710888 0.815275 0.849894 0.861522 0.849894 0.838531 0.827167
D:\Thesis\Chu_viet_tay\Experiments\Clustering\Clustering_2\data\ta\ta1\efa283fcc39cf48e97c0e2bdf205c22a.jpg 0.506757 0.519257 0.505743 0.505743 0.505743 0.518243 0.518243 0.340541 0.375 0.4 0.425 0.505068 0.72027 0.73277 0.746284 0.746284 0.571284 0.571284 0.584797 0.726351 0.841892 0.813851 0.812838 0.811824 0.810811 0.784797 0.784797 0.771284 0.758784 0.746284 0.747297 0.760811 0.774324 0.812838 0.838851 0.972973 0.986486 1 1 1 1 1
D:\Thesis\Chu_viet_tay\Experiments\Clustering\Clustering_2\data\ta\ta2\0044c8d5af08df041f18d1addd517bee.jpg 1 0.982143 0.964286 0.946429 0.946429 0.946429 0.910714 0.892857 0.857143 0.839286 0.821429 0.803571 0.785714 0.607143 0.571429 0.553571 0.535714 0.5 0.482143 0.464286 0.553571 0.571429 0.571429 0.553571 0.535714 0.392857 0.339286 0.25 0.178571 0.410714 0.428571 0.589286 0.589286 0.660714 0.642857 0.625 0.607143 0.607143 0.607143 0.589286 0.607143 0.642857 0.696429 0.714286 0.714286 0.696429 0.678571
D:\Thesis\Chu_viet_tay\Experiments\Clustering\Clustering_2\data\ta\ta2\0a7c7496829e5cf0899ce5e16b13b24b.jpg 0.972953 0.973684 0.972222 0.958333 0.904971 0.877924 0.850877 0.82383 0.810673 0.783626 0.756579 0.743421 0.729532 0.716374 0.702485 0.675439 0.662281 0.648392 0.635234 0.621345 0.608187 0.699561 0.712719 0.629386 0.601608 0.600877 0.600877 0.57383 0.57383 0.559942 0.532164 0.491228 0.46345 0.435673 0.171784 0.171784 0.185673 0.212719 0.226608 0.535088 0.548246 0.561404 0.561404 0.574561 0.574561 0.574561 0.560673 0.560673 0.547515 0.533626 0.533626 0.520468 0.521199 0.521199 0.535088 0.574561 0.601608 0.615497 0.642544 0.629386 0.615497 0.615497 0.602339 0.602339
D:\Thesis\Chu_viet_tay\Experiments\Clustering\Clustering_2\data\ta\ta2\0bc303e1e710897bf4dc2268d2347794.jpg 1 1 1 0.988889 0.988889 0.977778 0.95625 0.945833 0.924306 0.903472 0.881944 0.860417 0.860417 0.838889 0.828472 0.806944 0.796528 0.785417 0.763889 0.753472 0.731944 0.643056 0.610417 0.588889 0.578472 0.567361 0.713194 0.7125 0.7125 0.7125 0.7125 0.702083 0.691667 0.566667 0.534722 0.492361 0.449306 0.416667 0.384028 0.350694 0.317361 0.492361 0.480556 0.479861 0.490278 0.501389 0.801389 0.790278 0.76875 0.757639 0.736111 0.736111 0.5375 0.5375 0.515972 0.515972 0.527083 0.538194 0.591667 0.623611 0.634028 0.759722 0.792361 0.792361 0.792361 0.770139 0.747917 0.726389 0.69375
D:\Thesis\Chu_viet_tay\Experiments\Clustering\Clustering_2\data\ta\ta2\0c90a974e0c3fc4553c6a59a8325682a.jpg 0.946528 0.946528 0.946528 0.935417 0.924306 0.913194 0.891667 0.88125 0.849306 0.838889 0.817361 0.80625 0.784722 0.774306 0.752778 0.752778 0.73125 0.720833 0.709722 0.688194 0.666667 0.666667 0.65625 0.634722 0.613194 0.602083 0.591667 0.768056 0.668056 0.668056 0.656944 0.635417 0.625 0.614583 0.604167 0.468056 0.447222 0.582639 0.593056 0.592361 0.58125 0.569444 0.547222 0.536111 0.513889 0.491667 0.480556 0.469444 0.469444 0.469444 0.459028 0.670139 0.670139 0.659722 0.659722 0.649306 0.649306 0.649306 0.690972 0.690972 0.7125 0.723611 0.745833 0.746528 0.757639 0.76875 0.758333 0.736806
D:\Thesis\Chu_viet_tay\Experiments\Clustering\Clustering_2\data\ta\ta2\0f93df2de03b9236f4cba2d00324f5f6.jpg 0.515972 0.527083 0.527083 0.504861 0.504861 0.483333 0.461806 0.451389 0.440278 0.41875 0.408333 0.386806 0.375694 0.365278 0.299306 0.288194 0.277778 0.339583 0.35 0.338889 0.338889 0.328472 0.306944 0.180556 0.126389 0.104861 0.09375 0.230556 0.318056 0.328472 0.328472 0.35 0.361111 0.361111 0.350694 0.350694 0.350694 0.350694 0.340278 0.340278 0.361806 0.383333 0.383333 0.383333 0.394444 0.472917 0.472917 0.451389
D:\Thesis\Chu_viet_tay\Experiments\Clustering\Clustering_2\data\ta\ta2\110b3dfb977f06cf4157b37400948996.jpg 0.969697 0.95303 0.936364 0.921212 0.889394 0.889394 0.889394 0.857576 0.857576 0.857576 0.842424 0.825758 0.810606 0.793939 0.793939 0.778788 0.762121 0.74697 0.730303 0.834849 0.85 0.75 0.733333 0.733333 0.8 0.751515 0.718182 0.701515 0.65303 0.604545 0.572727 0.310606 0.277273 0.245455 0.228788 0.440909 0.487879 0.519697 0.70303 0.718182 0.734848 0.751515 0.751515 0.734848 0.734848 0.734848 0.734848 0.734848 0.70303 0.475758 0.492424 0.689394 0.719697 0.766667 0.8 0.9 0.868182 0.834849 0.786364 0.769697 0.736364 0.719697 0.687879
D:\Thesis\Chu_viet_tay\Experiments\Clustering\Clustering_2\data\ta\ta2\19538db6024a72ee7f6fe86a4ceae607.jpg 0.810606 0.795455 0.793939 0.777273 0.745455 0.713636 0.698485 0.666667 0.666667 0.634848 0.619697 0.469697 0.454545 0.422727 0.422727 0.407576 0.543939 0.527273 0.527273 0.512121 0.512121 0.49697 0.481818 0.434848 0.416667 0.381818 0.363636 0.363636 0.380303 0.563636 0.54697 0.54697 0.515152 0.515152 0.515152 0.515152 0.515152 0.545455 0.560606 0.560606 0.560606 0.577273 0.593939 0.595455
D:\Thesis\Chu_viet_tay\Experiments\Clustering\Clustering_2\data\ta\ta2\1a7f5e2545b4a2396079c758aa769cfd.jpg 0.947368 0.947368 0.947368 0.639803 0.582237 0.582237 0.366776 0.65625 0.65625 0.625 0.625 0.625 0.598684 0.536184 0.478618 0.215461 0.425987 0.572368 0.603618 0.629934 0.629934 0.661184 0.692434 0.661184 0.661184 0.661184 0.629934 0.603618 0.629934 0.65625 0.65625 0.6875 0.6875 0.71875 0.75 0.78125
D:\Thesis\Chu_viet_tay\Experiments\Clustering\Clustering_2\data\ta\ta2\1ad1f7ae62ef6bcf1f17c70f10c12de8.jpg 1 0.982143 0.981481 0.962963 0.944444 0.926587 0.890212 0.872355 0.853836 0.835979 0.799603 0.799603 0.763227 0.74537 0.74537 0.597884 0.579365 0.667989 0.685847 0.667328 0.649471 0.649471 0.631614 0.631614 0.577381 0.378968 0.287698 0.464947 0.482804 0.482804 0.51918 0.778439 0.759921 0.742064 0.723545 0.723545 0.723545 0.705026 0.687169 0.722884 0.722884 0.741402 0.759259 0.759259 0.759921 0.759921 0.759921 0.759921 0.945767
D:\Thesis\Chu_viet_tay\Experiments\Clustering\Clustering_2\data\ta\ta2\1be55bc0a0f117c972517d29dfe4b316.jpg 0.92 0.9 0.9 0.853684 0.853684 0.675789 0.649474 0.629474 0.749474 0.749474 0.723158 0.703158 0.703158 0.683158 0.676842 0.617895 0.565263 0.506316 0.48 0.48 0.769474 0.769474 0.749474 0.749474 0.749474 0.749474 0.749474 0.789474 0.815789 0.815789 0.842105 0.842105 0.822105
D:\Thesis\Chu_viet_tay\Experiments\Clustering\Clustering_2\data\ta\ta2\200365970bbf27cbc6174330bd4f44f6.jpg 0.982143 1 0.964286 0.964286 0.929187 0.911946 0.876847 0.876847 0.841749 0.824507 0.824507 0.789409 0.772167 0.772167 0.737069 0.594212 0.438424 0.644704 0.644704 0.644704 0.626847 0.609606 0.557882 0.523399 0.453818 0.538177 0.519089 0.483374 0.483374 0.500616 0.518473 0.732759 0.714901 0.69766 0.69766 0.662562 0.662562 0.64532 0.680419 0.69766 0.69766 0.715517 0.733374 0.751232
D:\Thesis\Chu_viet_tay\Experiments\Clustering\Clustering_2\data\ta\ta2\2143b11eaa2c2549ce0425bbba6baa07.jpg 0.691176 0.661765 0.64614 0.911765 0.911765 0.911765 0.882353 0.866728 0.835478 0.710478 0.636029 0.500919 0.32261 0.482537 0.498162 0.498162 0.543199 0.866728 0.925551 0.880515 0.880515 0.880515 0.86489 0.835478 0.819853 0.804228 0.788603 0.788603 0.788603 0.880515 0.911765 0.941176 0.970588 1 0.970588 0.89614
D:\Thesis\Chu_viet_tay\Experiments\Clustering\Clustering_2\data\ta\ta2\2b57330eef7e9b3f050d769eb5106c64.jpg 1 1 0.985294 0.970588 0.955882 0.928105 0.89951 0.870915 0.84232 0.828431 0.799837 0.771242 0.771242 0.742647 0.714052 0.582516 0.553922 0.540033 0.60866 0.607843 0.607843 0.607843 0.593137 0.482026 0.410948 0.419935 0.403595 0.417484 0.431373 0.446078 0.637255 0.637255 0.637255 0.622549 0.60866 0.622549 0.636438 0.651144 0.651144 0.651961 0.638072 0.54085
D:\Thesis\Chu_viet_tay\Experiments\Clustering\Clustering_2\data\ta\ta2\35207276f10db7c0102b6e1508f6236c.jpg 0.700163 0.700163 0.685457 0.685457 0.670752 0.656863 0.628268 0.614379 0.599673 0.571078 0.55719 0.542484 0.528595 0.426471 0.426471 0.397876 0.383987 0.383987 0.480392 0.480392 0.480392 0.480392 0.465686 0.392974 0.349673 0.320261 0.305556 0.540033 0.525327 0.510621 0.495915 0.481209 0.481209 0.466503 0.466503 0.452614 0.452614 0.452614 0.481209 0.495915 0.510621 0.525327 0.525327
D:\Thesis\Chu_viet_tay\Experiments\Clustering\Clustering_2\data\ta\ta2\37c0d2b074afdc7052f1d3e630d6bfb7.jpg 0.398693 0.384804 0.383987 0.383987 0.369281 0.480392 0.480392 0.465686 0.465686 0.451797 0.451797 0.423203 0.408497 0.239379 0.196895 0.348039 0.361928 0.361928 0.361928 0.494281 0.494281 0.523693 0.509804 0.509804 0.495915 0.482026 0.509804 0.538399 0.538399 0.553105 0.523693 0.523693 0.523693 0.685457 0.671569
D:\Thesis\Chu_viet_tay\Experiments\Clustering\Clustering_2\data\ta\ta2\383868b9761d829bcaee4960e935797b.jpg 1 0.988889 0.977778 0.977778 0.977778 0.955556 0.944444 0.933333 0.922222 0.9 0.877778 0.877778 0.855556 0.855556 0.833333 0.833333 0.811111 0.8 0.8 0.8 0.8 0.8 0.8 0.8 0.8 0.8 0.733333 0.655556 0.655556 0.655556 0.655556 0.644444 0.644444 0.633333 0.622222 0.6 0.466667 0.444444 0.411111 0.366667 0.322222 0.277778 0.244444 0.211111 0.2 0.0777778 0.0555556 0.0555556 0.422222 0.755556 0.733333 0.733333 0.711111 0.7 0.688889 0.666667 0.655556 0.633333 0.622222 0.444444 0.433333 0.422222 0.4 0.4 0.4 0.4 0.422222 0.633333 0.666667 0.677778 0.7 0.7 0.688889 0.688889 0.655556
D:\Thesis\Chu_viet_tay\Experiments\Clustering\Clustering_2\data\ta\ta2\3b746fa4f02e2f5c320ff5c7d8a70d2b.jpg 0.6 0.6 0.588889 0.588889 0.577778 0.555556 0.544444 0.522222 0.511111 0.5 0.488889 0.477778 0.466667 0.444444 0.366667 0.333333 0.333333 0.322222 0.4 0.411111 0.411111 0.4 0.4 0.388889 0.355556 0.255556 0.177778 0.3 0.311111 0.311111 0.311111 0.455556 0.444444 0.444444 0.433333 0.422222 0.422222 0.411111 0.4 0.444444 0.455556 0.466667 0.477778 0.477778 0.477778 0.466667
D:\Thesis\Chu_viet_tay\Experiments\Clustering\Clustering_2\data\ta\ta2\3fc374c5d9145f81d95fd3889c135d7d.jpg 1 0.983333 0.966667 0.95 0.933333 0.916667 0.883333 0.866667 0.833333 0.833333 0.8 0.783333 0.583333 0.666667 0.666667 0.666667 0.666667 0.65 0.633333 0.6 0.583333 0.616667 0.6 0.533333 0.5 0.483333 0.483333 0.5 0.683333 0.65 0.65 0.65 0.683333 0.7 0.7 0.716667 0.716667 0.716667 0.733333 0.716667
D:\Thesis\Chu_viet_tay\Experiments\Clustering\Clustering_2\data\ta\ta2\3fe0aa5fd119daebd249fd31a9f9473b.jpg 1 1 0.987805 0.987805 0.964246 0.940687 0.929324 0.905765 0.905765 0.870843 0.847284 0.823725 0.823725 0.800166 0.800166 0.776608 0.753049 0.753049 0.72949 0.705931 0.694568 0.682373 0.561253 0.537694 0.52633 0.50194 0.478381 0.467018 0.648004 0.659368 0.658537 0.658537 0.647173 0.634978 0.623614 0.612251 0.600887 0.372783 0.33786 0.279379 0.232262 0.184313 0.148559 0.444013 0.466741 0.612251 0.612251 0.612251 0.758592 0.734202 0.722007 0.709812 0.709812 0.697616 0.686253 0.662694 0.662694 0.65133 0.639967 0.652162 0.674889 0.709812 0.722007 0.745565 0.745565 0.734202 0.722007 0.710643
D:\Thesis\Chu_viet_tay\Experiments\Clustering\Clustering_2\data\ta\ta2\401a0ba2331c4d33bc9ea8e91765943e.jpg 0.959459 0.930321 0.930321 0.916807 0.901182 0.887669 0.85853 0.842905 0.829392 0.800253 0.800253 0.614865 0.601351 0.720861 0.720861 0.720861 0.705236 0.705236 0.691723 0.678209 0.529561 0.486909 0.459882 0.415118 0.356841 0.312078 0.267314 0.436655 0.434544 0.432432 0.461571 0.727196 0.725084 0.709459 0.709459 0.693834 0.680321 0.680321 0.680321 0.680321 0.666807 0.464105 0.75 0.75 0.765625 0.796875 0.8125 0.859375 0.845861 0.69299 0.650338 0.605574 0.560811 0.504645
D:\Thesis\Chu_viet_tay\Experiments\Clustering\Clustering_2\data\ta\ta2\456e276d4b214616ac4cef1197639435.jpg 0.98718 0.987805 0.974359 0.961538 0.961538 0.948718 0.935897 0.862101 0.837086 0.824891 0.81207 0.787054 0.762039 0.749844 0.737023 0.724828 0.699812 0.674797 0.572233 0.632583 0.644778 0.631957 0.631957 0.619137 0.606942 0.594747 0.581926 0.556911 0.384928 0.347092 0.296435 0.270794 0.245779 0.232958 0.220138 0.220138 0.403064 0.453096 0.631957 0.656973 0.656973 0.681989 0.681989 0.681989 0.656973 0.656973 0.656973 0.631957 0.42464 0.412445 0.42464 0.436836 0.607567 0.681363 0.706379 0.731395 0.757036 0.769856 0.769856 0.73202 0.719199 0.694184 0.707004
D:\Thesis\Chu_viet_tay\Experiments\Clustering\Clustering_2\data\ta\ta2\52b5556dc27d012bf4c392d69288088d.jpg 0.950594 0.950594 0.937774 0.924953 0.899937 0.874922 0.862101 0.849906 0.824891 0.799875 0.799875 0.774859 0.749844 0.724828 0.712633 0.687617 0.772358 0.630707 0.630081 0.617886 0.630707 0.630707 0.630707 0.630707 0.618512 0.592871 0.567855 0.517198 0.479362 0.234209 0.195747 0.195747 0.403064 0.42808 0.594121 0.594121 0.594121 0.606942 0.606942 0.606942 0.606942 0.594747 0.594747 0.38743 0.38743 0.38743 0.38743 0.399625 0.606942 0.644153 0.656348 0.669168 0.681989 0.682614 0.682614 0.644778 0.631957 0.594747
D:\Thesis\Chu_viet_tay\Experiments\Clustering\Clustering_2\data\ta\ta2\579231fb8b1dca53b9d90a4907867cf5.jpg 0.611945 0.611945 0.599124 0.599124 0.586304 0.549093 0.536898 0.511882 0.499687 0.486867 0.474672 0.359912 0.359912 0.408068 0.420263 0.420263 0.420263 0.420263 0.420263 0.395247 0.369606 0.318949 0.293934 0.268918 0.256723 0.268918 0.281739 0.383677 0.396498 0.384303 0.371482 0.371482 0.371482 0.359287 0.359287 0.383677 0.383677 0.396498 0.409318 0.409318 0.409944
D:\Thesis\Chu_viet_tay\Experiments\Clustering\Clustering_2\data\ta\ta2\586b085f0a94b8ce9db98500d3f8c0e9.jpg 0.508772 0.482456 0.482456 0.815789 0.789474 0.789474 0.789474 0.763158 0.750337 0.724696 0.583671 0.55803 0.506073 0.41498 0.336707 0.258435 0.180162 0.180162 0.462213 0.738192 0.751012 0.751012 0.777328 0.777328 0.777328 0.803644 0.82996 0.82996 0.82996 0.817139 0.817139 0.804318 0.804318 0.791498 0.791498 0.778677 0.765857 0.753036 0.612686 0.753711 0.792848 0.870445 0.909582 0.935897 0.935897 0.909582 0.870445 0.84413
D:\Thesis\Chu_viet_tay\Experiments\Clustering\Clustering_2\data\ta\ta2\58c1f57e5945e0203e322feaad24199a.jpg 0.807692 0.807692 0.794872 0.798774 0.798774 0.764214 0.729654 0.716834 0.682274 0.682274 0.647715 0.647715 0.613155 0.613155 0.578595 0.565775 0.544036 0.40078 0.357302 0.434225 0.425307 0.425307 0.425307 0.412486 0.390747 0.321628 0.137124 0.217949 0.25641 0.29097 0.399666 0.434225 0.455964 0.455964 0.455964 0.455964 0.443144 0.443144 0.430323 0.430323 0.443144 0.477703 0.477703 0.499443 0.521182 0.521182
D:\Thesis\Chu_viet_tay\Experiments\Clustering\Clustering_2\data\ta\ta2\5a5e47b65c34346598f88ce631712eb8.jpg 0.820513 0.820513 0.79968 0.791667 0.791667 0.732372 0.719551 0.698718 0.685897 0.652244 0.652244 0.61859 0.61859 0.480769 0.459936 0.5625 0.541667 0.541667 0.477564 0.43109 0.405449 0.358974 0.278846 0.344551 0.328526 0.307692 0.320513 0.528846 0.54968 0.591346 0.591346 0.570513 0.570513 0.54968 0.536859 0.536859 0.536859 0.5625 0.5625 0.583333 0.583333 0.591346 0.535256
D:\Thesis\Chu_viet_tay\Experiments\Clustering\Clustering_2\data\ta\ta2\5e1f11b614dff6b2011472e46e5bde55.jpg 0.602564 0.685897 0.485577 0.464744 0.451923 0.418269 0.469551 0.482372 0.461538 0.435897 0.410256 0.384615 0.304487 0.237179 0.169872 0.328526 0.341346 0.354167 0.625 0.604167 0.583333 0.583333 0.54968 0.54968 0.536859 0.536859 0.54968 0.54968 0.570513 0.591346 0.599359
D:\Thesis\Chu_viet_tay\Experiments\Clustering\Clustering_2\data\ta\ta2\6007ee13f79f571c30834f89c884a969.jpg 0.8 0.869444 0.716667 0.690278 0.676389 0.663889 0.651389 0.638889 0.638889 0.626389 0.613889 0.751389 0.751389 0.751389 0.726389 0.676389 0.651389 0.6125 0.547222 0.468056 0.563889 0.559722 0.530556 0.501389 0.513889 0.513889 0.541667 0.777778 0.763889 0.763889 0.75 0.75 0.736111 0.736111 0.723611 0.7375 0.725 0.7 0.526389 0.701389 0.702778 0.727778 0.766667 0.806944 0.820833 0.806944 0.779167 0.779167 0.779167 0.975
D:\Thesis\Chu_viet_tay\Experiments\Clustering\Clustering_2\data\ta\ta2\61bbf48740cd59670b446592552ad160.jpg 0.526389 0.526389 0.526389 0.5125 0.5 0.404167 0.390278 0.363889 0.35 0.425 0.425 0.411111 0.411111 0.398611 0.323611 0.284722 0.345833 0.330556 0.329167 0.315278 0.301389 0.301389 0.301389 0.4125 0.4125 0.413889 0.413889 0.426389 0.438889 0.438889 0.452778 0.466667 0.466667 0.466667
D:\Thesis\Chu_viet_tay\Experiments\Clustering\Clustering_2\data\ta\ta2\67d91559699886e98402f13857114e0b.jpg 0.981481 0.980769 0.961538 0.942308 0.904558 0.88604 0.848291 0.829772 0.810541 0.792023 0.772792 0.754274 0.735043 0.716524 0.716524 0.582621 0.525641 0.525641 0.692308 0.673077 0.673077 0.673077 0.673077 0.654558 0.617521 0.616809 0.616097 0.558405 0.557692 0.519231 0.519231 0.519231 0.692308 0.69302 0.712251 0.693732 0.731481 0.731481 0.769231 0.788462 0.788462 0.769943 0.94302
D:\Thesis\Chu_viet_tay\Experiments\Clustering\Clustering_2\data\ta\ta2\6cf0cc2f00a9345d7d1cab835d5e72e9.jpg 0.94302 0.94302 0.94302 0.923789 0.88604 0.848291 0.829772 0.811254 0.773504 0.754274 0.735755 0.698006 0.678775 0.660256 0.622507 0.603276 0.546296 0.508547 0.489316 0.470798 0.674501 0.673789 0.673789 0.673789 0.63604 0.597578 0.336895 0.242165 0.204416 0.37037 0.426638 0.675926 0.656695 0.637464 0.637464 0.618234 0.618234 0.618234 0.618234 0.599715 0.636752 0.655983 0.675214 0.848291 0.829772
D:\Thesis\Chu_viet_tay\Experiments\Clustering\Clustering_2\data\ta\ta2\6fc41610513bbaec19cde6d8c7ee71ad.jpg 0.905271 0.905271 0.905271 0.905271 0.88604 0.867521 0.848291 0.829772 0.792023 0.792023 0.773504 0.754274 0.735755 0.716524 0.56339 0.54416 0.673789 0.673789 0.654558 0.654558 0.63604 0.63604 0.617521 0.579772 0.560541 0.540598 0.520655 0.519943 0.500712 0.500712 0.500712 0.69302 0.655271 0.655271 0.655271 0.636752 0.636752 0.618234 0.637464 0.693732 0.731481 0.769943 0.750712 0.750712 0.750712
D:\Thesis\Chu_viet_tay\Experiments\Clustering\Clustering_2\data\ta\ta2\788e066b8096682421cc864601fd13ce.jpg 1 1 0.981481 0.962963 0.944444 0.944444 0.890212 0.872355 0.853836 0.81746 0.799603 0.781085 0.763227 0.744709 0.726852 0.579365 0.632275 0.631614 0.631614 0.631614 0.631614 0.613095 0.630952 0.575397 0.537698 0.500661 0.500661 0.500661 0.500661 0.722884 0.686508 0.686508 0.668651 0.668651 0.669312 0.687169 0.741402 0.777778 0.796296 0.777778 0.759921 0.945106 0.927249 0.90873
D:\Thesis\Chu_viet_tay\Experiments\Clustering\Clustering_2\data\ta\ta2\7add27d9b6e0781c25ead5cc769e53a5.jpg 0.981481 0.963624 0.962963 0.944444 0.908069 0.890212 0.853836 0.835979 0.81746 0.799603 0.781085 0.763227 0.744709 0.726852 0.708333 0.690476 0.690476 0.654101 0.543651 0.722222 0.703704 0.703704 0.685847 0.667328 0.649471 0.488757 0.416005 0.343254 0.501323 0.500661 0.518519 0.518519 0.722222 0.740741 0.759259 0.741402 0.741402 0.722884 0.705026 0.705026 0.705026 0.723545 0.723545 0.759921 0.760582 0.779101
D:\Thesis\Chu_viet_tay\Experiments\Clustering\Clustering_2\data\ta\ta2\7f43b30d93ddcabb35206207a655dab5.jpg 0.895833 0.895833 0.847222 0.847222 0.798611 0.631944 0.75 0.75 0.722222 0.701389 0.659722 0.548611 0.479167 0.381944 0.5 0.493056 0.513889 0.541667 0.701389 0.729167 0.756944 0.756944 0.736111 0.736111 0.736111 0.777778 0.805556 0.833333 0.833333 0.861111 0.840278 0.840278 0.840278
D:\Thesis\Chu_viet_tay\Experiments\Clustering\Clustering_2\data\ta\ta2\85fd7c4c63e7077d4658b84a15c0650a.jpg 1 1 0.98718 0.974359 0.974359 0.936538 0.911218 0.898397 0.885897 0.860577 0.848077 0.822756 0.809936 0.797436 0.784615 0.759295 0.746795 0.733974 0.580449 0.567949 0.542628 0.542628 0.542949 0.620192 0.517628 0.617308 0.617308 0.617308 0.617308 0.591987 0.579487 0.579487 0.454487 0.403846 0.353205 0.276923 0.225962 0.362821 0.400321 0.412821 0.412821 0.425641 0.64359 0.630769 0.617949 0.605128 0.579808 0.579808 0.567308 0.554808 0.529487 0.529487 0.516987 0.504487 0.554487 0.579487 0.592308 0.592308 0.592308 0.592308 0.592308 0.759295 0.759295
D:\Thesis\Chu_viet_tay\Experiments\Clustering\Clustering_2\data\ta\ta2\8b59bf1e4d0b33e772c148fc212d0fc6.jpg 0.538899 0.538899 0.52277 0.743359 0.743359 0.743359 0.72723 0.712524 0.593454 0.502372 0.440702 0.362903 0.330645 0.298387 0.266129 0.455882 0.470588 0.743359 0.743359 0.743359 0.759488 0.775617 0.760911 0.744782 0.744782 0.728653 0.713947 0.52277 0.52277 0.508065 0.508065 0.758065 0.758065 0.774194 0.790323 0.806452 0.806452 0.790323 0.775617 0.985294
D:\Thesis\Chu_viet_tay\Experiments\Clustering\Clustering_2\data\ta\ta2\8e4a20e9a6960ee502e3e1278c615a63.jpg 0.972222 0.985294 0.971405 0.94281 0.914216 0.914216 0.885621 0.871732 0.857026 0.843137 0.814543 0.638072 0.609477 0.594771 0.414216 0.691993 0.882353 0.705882 0.705882 0.705882 0.677288 0.663399 0.663399 0.64951 0.411765 0.339869 0.296569 0.253268 0.459967 0.473039 0.486928 0.486928 0.781046 0.76634 0.751634 0.736928 0.722222 0.707516 0.707516 0.693627 0.678922 0.456699 0.456699 0.456699 0.651144 0.665033 0.678922 0.678922 0.693627 0.693627 0.708333 0.708333 0.694444 0.679739
D:\Thesis\Chu_viet_tay\Experiments\Clustering\Clustering_2\data\ta\ta2\9ba8874fdca5c92f9acf6ca44e9217be.jpg 0.714052 0.714052 0.699346 0.684641 0.684641 0.656046 0.627451 0.613562 0.599673 0.571078 0.571078 0.542484 0.542484 0.513889 0.425654 0.397059 0.38317 0.451797 0.465686 0.465686 0.465686 0.465686 0.437091 0.379085 0.320261 0.33415 0.33415 0.33415 0.466503 0.466503 0.466503 0.466503 0.466503 0.452614 0.452614 0.452614 0.452614 0.480392 0.480392 0.508987 0.495098 0.509804 0.656863 0.642974
D:\Thesis\Chu_viet_tay\Experiments\Clustering\Clustering_2\data\ta\ta2\9c75ca93779d7f651bba384b09e44f18.jpg 1 0.980769 0.961538 0.942308 0.923077 0.884615 0.884615 0.846154 0.846154 0.807692 0.807692 0.788462 0.75 0.576923 0.538462 0.634615 0.653846 0.653846 0.634615 0.615385 0.576923 0.519231 0.480769 0.403846 0.519231 0.5 0.5 0.5 0.5 0.519231 0.692308 0.692308 0.692308 0.673077 0.673077 0.673077 0.711538 0.711538 0.75 0.75 0.75 0.711538 0.576923
D:\Thesis\Chu_viet_tay\Experiments\Clustering\Clustering_2\data\ta\ta2\a7aeeca87382865ff7851cbe865fb318.jpg 1 0.977273 0.954545 0.914545 0.871818 0.851818 0.829091 0.809091 0.766364 0.766364 0.723636 0.723636 0.680909 0.680909 0.660909 0.684545 0.661818 0.661818 0.661818 0.619091 0.619091 0.599091 0.436364 0.465455 0.462727 0.46 0.46 0.46 0.482727 0.664545 0.687273 0.667273 0.644545 0.644545 0.644545 0.624545 0.644545 0.687273 0.687273 0.71 0.71 0.732727 0.937273
D:\Thesis\Chu_viet_tay\Experiments\Clustering\Clustering_2\data\ta\ta2\ac84c9bb779b56b2c870f24107dcf888.jpg 0.988889 1 0.977778 0.955556 0.933575 0.889614 0.867633 0.845652 0.801691 0.768599 0.724638 0.680676 0.658454 0.636232 0.60314 0.591787 0.602657 0.602657 0.602899 0.581159 0.581159 0.57029 0.570531 0.604106 0.615217 0.593237 0.625604 0.636473 0.625362 0.592512 0.559662 0.526812 0.48285 0.536715 0.514493 0.50314 0.492029 0.469807 0.447826 0.425604 0.414493 0.403382 0.381401 0.35942 0.359179 0.359179 0.359179 0.359179 0.359179 0.489614 0.500483 0.500483 0.500483 0.500483 0.522705 0.381643 0.504831 0.580918 0.602899 0.647343 0.625121 0.61401 0.602899 0.602899 0.602899 0.602899 0.602899 0.592029 0.70314
D:\Thesis\Chu_viet_tay\Experiments\Clustering\Clustering_2\data\ta\ta2\b17244cd2cf79c24f075fa0b3986abd9.jpg 0.560386 0.560386 0.549275 0.538164 0.527295 0.505314 0.505314 0.483333 0.483333 0.461353 0.450483 0.439372 0.439372 0.417391 0.417391 0.395411 0.395411 0.328986 0.318116 0.393961 0.393961 0.393961 0.38285 0.371981 0.317633 0.273672 0.22971 0.272464 0.272222 0.261111 0.261111 0.261111 0.272222 0.383333 0.372222 0.372222 0.372222 0.393961 0.393961 0.404831 0.415942 0.416184 0.416184 0.416184 0.427295
D:\Thesis\Chu_viet_tay\Experiments\Clustering\Clustering_2\data\ta\ta2\b783842dcba621e1382c6c4ecbddcab7.jpg 0.571256 0.571256 0.560145 0.549034 0.549034 0.516184 0.516184 0.505314 0.483333 0.483333 0.461353 0.461353 0.439372 0.439372 0.372947 0.361836 0.339855 0.405072 0.405072 0.393961 0.404831 0.393961 0.393961 0.38285 0.371981 0.338647 0.316425 0.283092 0.271981 0.271981 0.271981 0.383092 0.372222 0.361111 0.350242 0.350242 0.38285 0.393961 0.393961 0.405072 0.405314 0.394444 0.483333
D:\Thesis\Chu_viet_tay\Experiments\Clustering\Clustering_2\data\ta\ta2\bb57bb6d5bfedbeb1e0211f9c31df124.jpg 1 1 0.98913 0.978261 0.956753 0.935245 0.913737 0.892229 0.870722 0.860083 0.838575 0.817068 0.79556 0.79556 0.774052 0.763414 0.752544 0.741906 0.589963 0.568455 0.557586 0.546947 0.525439 0.514801 0.514801 0.674144 0.674144 0.674144 0.652868 0.620722 0.588807 0.556892 0.535615 0.514339 0.482192 0.460916 0.439639 0.588344 0.587882 0.587419 0.533071 0.511101 0.500231 0.500231 0.500231 0.52197 0.674144 0.674144 0.674144 0.685014 0.685014 0.685245 0.728723 0.706984 0.696346 0.707216 0.696577 0.696577 0.685939 0.675301 0.675301 0.675532 0.675532 0.718316 0.739824 0.750694 0.761563 0.761563 0.772433 0.903099
D:\Thesis\Chu_viet_tay\Experiments\Clustering\Clustering_2\data\ta\ta2\bef203730c16a767a08282c5def3085c.jpg 0.863043 0.838043 0.838043 0.791304 0.791304 0.791304 0.744565 0.522826 0.65 0.65 0.65 0.625 0.625 0.581522 0.538043 0.559783 0.509783 0.481522 0.481522 0.481522 0.481522 0.584783 0.584783 0.609783 0.588043 0.609783 0.678261 0.678261 0.703261 0.728261 0.728261 0.778261 0.978261 0.931522
D:\Thesis\Chu_viet_tay\Experiments\Clustering\Clustering_2\data\ta\ta2\c6d7001f5b3c8dfd2b5c3c3c5ef88ab5.jpg 1 1 0.978261 0.956522 0.913949 0.893116 0.850543 0.850543 0.82971 0.807971 0.787138 0.765399 0.744565 0.722826 0.701993 0.52808 0.485507 0.485507 0.589674 0.567935 0.588768 0.567935 0.567935 0.547101 0.526268 0.337862 0.441123 0.439312 0.438406 0.438406 0.438406 0.634058 0.59058 0.59058 0.59058 0.569746 0.569746 0.612319 0.653986 0.674819 0.696558 0.675725 0.697464 0.893116 0.893116 0.872283 0.872283
D:\Thesis\Chu_viet_tay\Experiments\Clustering\Clustering_2\data\ta\ta2\ccc40d4ed6e121f25ff7133b1e3cafd8.jpg 1 1 1 1 0.98 0.960769 0.960769 0.941538 0.921538 0.921538 0.902308 0.882308 0.882308 0.863077 0.843077 0.823846 0.803846 0.784615 0.49 0.49 0.450769 0.431538 0.643077 0.642308 0.623077 0.623077 0.488462 0.449231 0.582308 0.461538 0.461538 0.461538 0.521538 0.701538 0.681538 0.681538 0.681538 0.662308 0.662308 0.643077 0.662308 0.701538 0.701538 0.721538 0.741538 0.742308
D:\Thesis\Chu_viet_tay\Experiments\Clustering\Clustering_2\data\ta\ta2\d206f86af36e5b4eea022f8d7b2ec645.jpg 1 1 0.981481 0.981481 0.981481 0.962963 0.945106 0.927249 0.890873 0.890873 0.873016 0.854497 0.651455 0.632937 0.471561 0.435847 0.417989 0.399471 0.631614 0.631614 0.631614 0.631614 0.613757 0.488095 0.378307 0.287698 0.429233 0.44709 0.44709 0.44709 0.669312 0.669312 0.650794 0.650794 0.650794 0.650794 0.632937 0.632937 0.686508 0.704365 0.722884 0.741402 0.759921
D:\Thesis\Chu_viet_tay\Experiments\Clustering\Clustering_2\data\ta\ta2\d747fa8aec07b68359b0a90c31c2b01a.jpg 0.916667 0.916667 0.88961 0.862554 0.850649 0.823593 0.808442 0.781385 0.648268 0.742424 0.882035 0.80303 0.787879 0.787879 0.775974 0.764069 0.752164 0.74026 0.633117 0.713203 0.721861 0.718615 0.700216 0.69697 0.666667 0.636364 0.575758 0.545455 0.530303 0.515152 0.515152 0.515152 0.515152 0.806277 0.794372 0.794372 0.782467 0.770563 0.770563 0.770563 0.833333 0.833333 0.848485 0.863636 0.909091 0.909091 0.893939 0.866883 0.854978
D:\Thesis\Chu_viet_tay\Experiments\Clustering\Clustering_2\data\ta\ta2\d94c4c58643804b6200aef9d6e5564e5.jpg 0.703463 0.703463 0.688312 0.67316 0.646104 0.634199 0.607143 0.595238 0.580087 0.55303 0.541126 0.435065 0.408009 0.396104 0.396104 0.479437 0.479437 0.467532 0.428571 0.392857 0.369048 0.357143 0.291126 0.364719 0.331169 0.312771 0.297619 0.297619 0.494589 0.494589 0.494589 0.467532 0.467532 0.479437 0.491342 0.506494 0.506494 0.521645 0.551948
D:\Thesis\Chu_viet_tay\Experiments\Clustering\Clustering_2\data\ta\ta2\def1dbacf35cde398148de1a3c61927d.jpg 0.781385 0.769481 0.766234 0.751082 0.739177 0.724026 0.700216 0.67316 0.67316 0.646104 0.646104 0.619048 0.619048 0.591991 0.591991 0.458874 0.506494 0.5 0.5 0.488095 0.449134 0.437229 0.41342 0.377706 0.32684 0.269481 0.358225 0.351732 0.348485 0.348485 0.348485 0.363636 0.560606 0.53355 0.518398 0.518398 0.542208 0.554113 0.569264 0.569264 0.584416 0.587662 0.587662
D:\Thesis\Chu_viet_tay\Experiments\Clustering\Clustering_2\data\ta\ta2\e1dc167bccd2c0e00e284a530df230bb.jpg 1 0.986486 0.986486 0.959815 0.933144 0.933144 0.906472 0.893314 0.879801 0.853129 0.826458 0.826458 0.799787 0.786629 0.783784 0.756757 0.756757 0.756757 0.756757 0.756757 0.756757 0.756757 0.743599 0.585348 0.545164 0.465149 0.424964 0.608464 0.581081 0.554054 0.513514 0.513514 0.513514 0.527027 0.756757 0.756757 0.756757 0.743243 0.743243 0.716572 0.703414 0.506046 0.690256 0.690256 0.72973 0.743243 0.743243 0.756757 0.77027 0.783784 0.797297 0.783784 0.77027 0.756757
D:\Thesis\Chu_viet_tay\Experiments\Clustering\Clustering_2\data\ta\ta2\e39b13b5221592cb64729bb8d1813a2e.jpg 0.916667 0.895833 0.895833 0.742325 0.736842 0.736842 0.736842 0.689693 0.689693 0.689693 0.54386 0.475877 0.610746 0.578947 0.552632 0.526316 0.526316 0.526316 0.716009 0.742325 0.742325 0.721491 0.721491 0.763158 0.763158 0.789474 0.815789 0.842105 0.842105
D:\Thesis\Chu_viet_tay\Experiments\Clustering\Clustering_2\data\ta\ta2\e4e7f472d6bfa4dc24a295bdc38b027a.jpg 0.96 0.958261 0.958261 0.916522 0.894783 0.874783 0.853043 0.833043 0.791304 0.791304 0.749565 0.749565 0.707826 0.707826 0.666087 0.784348 0.675652 0.675652 0.655652 0.613913 0.613913 0.593913 0.433913 0.328696 0.443478 0.461739 0.44 0.481739 0.655652 0.69913 0.69913 0.69913 0.69913 0.67913 0.67913 0.73913 0.76087 0.782609 0.804348 0.782609 0.804348 1 1 1
D:\Thesis\Chu_viet_tay\Experiments\Clustering\Clustering_2\data\ta\ta2\e8c03b52ef758b4186c9bd29e74beb45.jpg 0.982759 0.965517 0.963528 0.944297 0.925066 0.907825 0.83687 0.83687 0.800398 0.783157 0.746684 0.746684 0.710212 0.614058 0.577586 0.541114 0.541114 0.504642 0.504642 0.677056 0.657825 0.657825 0.657825 0.588859 0.537135 0.623342 0.638594 0.617374 0.519231 0.519231 0.5 0.711538 0.788462 0.751989 0.751989 0.751989 0.715517 0.698276 0.508621 0.717507 0.751989 0.77122 0.826923 0.809682 0.809682
D:\Thesis\Chu_viet_tay\Experiments\Clustering\Clustering_2\data\ta\ta2\ef42a7d44ad0d698523e0848609bd3f9.jpg 0.935897 0.935897 0.923077 0.907452 0.907452 0.879006 0.879006 0.850561 0.850561 0.83774 0.809295 0.79367 0.624599 0.596154 0.580529 0.721555 0.721555 0.721555 0.721555 0.70593 0.693109 0.677484 0.633413 0.342949 0.283253 0.252003 0.236378 0.413061 0.438702 0.451522 0.467147 0.761218 0.729968 0.714343 0.714343 0.698718 0.683093 0.670272 0.670272 0.670272 0.657452 0.465144 0.477965 0.50641 0.522035 0.755609 0.8125 0.921875 0.890625 0.859375 0.828125 0.8125 0.78125 0.78125
D:\Thesis\Chu_viet_tay\Experiments\Clustering\Clustering_2\data\ta\ta2\f233f8cb423158e73921387491c10aec.jpg 0.679888 0.667067 0.664263 0.664263 0.635817 0.620192 0.607372 0.607372 0.578926 0.566106 0.550481 0.53766 0.509215 0.509215 0.418269 0.505208 0.505208 0.489583 0.489583 0.489583 0.461138 0.417067 0.257612 0.351763 0.348958 0.348958 0.361779 0.361779 0.502404 0.564904 0.564904 0.552083 0.536458 0.523638 0.523638 0.523638 0.552083 0.567708 0.580529 0.596154 0.596154 0.736779 0.708333
D:\Thesis\Chu_viet_tay\Experiments\Clustering\Clustering_2\data\ta\ta2\f325ad644c49ad29fa9e9445e3b27ace.jpg 1 1 1 0.9875 0.975 0.93869 0.926786 0.926786 0.902381 0.902381 0.877976 0.866071 0.853571 0.841667 0.829167 0.817262 0.804762 0.792857 0.780357 0.768452 0.744048 0.744048 0.719643 0.707738 0.557738 0.533333 0.438095 0.377976 0.353571 0.353571 0.341071 0.329167 0.602976 0.614881 0.614881 0.614881 0.614881 0.614881 0.602976 0.578571 0.35119 0.289881 0.216071 0.179167 0.429167 0.440476 0.464881 0.789881 0.777381 0.764881 0.752381 0.739881 0.727381 0.714881 0.702381 0.702381 0.689881 0.689881 0.665476 0.665476 0.653571 0.666071 0.666071 0.678571 0.702976 0.715476 0.727976 0.740476 0.740476 0.727976 0.702976 0.690476 0.678571
D:\Thesis\Chu_viet_tay\Experiments\Clustering\Clustering_2\data\ta\ta2\f386afd8a2472eac35b8d4b7ffa6e441.jpg 0.89977 0.881912 0.881912 0.864055 0.830069 0.81394 0.796083 0.779954 0.762097 0.745968 0.728111 0.711982 0.677995 0.685484 0.683756 0.683756 0.683756 0.64977 0.64977 0.633641 0.617512 0.631912 0.630184 0.59447 0.574885 0.539171 0.521313 0.505184 0.487327 0.487327 0.701613 0.733871 0.733871 0.75 0.767857 0.785714 0.803571 0.821429 0.8053 0.983871 0.983871
D:\Thesis\Chu_viet_tay\Experiments\Clustering\Clustering_2\data\ta\ta2\f7c3746b2c90cc08b9054d04b1755b68.jpg 1 0.983333 0.966667 0.95 0.95 0.916667 0.9 0.883333 0.866667 0.833333 0.833333 0.8 0.8 0.766667 0.75 0.733333 0.6 0.583333 0.55 0.65 0.65 0.633333 0.633333 0.633333 0.633333 0.616667 0.583333 0.55 0.516667 0.483333 0.466667 0.466667 0.466667 0.65 0.633333 0.633333 0.633333 0.633333 0.616667 0.616667 0.633333 0.65 0.65 0.666667 0.683333 0.683333 0.65 0.666667
D:\Thesis\Chu_viet_tay\Experiments\Clustering\Clustering_2\data\ta\ta2\fa4ebd555d5e5cfd705cbee3e1ce88a5.jpg 0.979167 0.978261 0.956522 0.934783 0.850543 0.82971 0.787138 0.787138 0.744565 0.744565 0.701993 0.701993 0.65942 0.638587 0.616848 0.46558 0.443841 0.423007 0.567935 0.567935 0.567935 0.567935 0.547101 0.547101 0.567935 0.54529 0.501812 0.479167 0.479167 0.479167 0.696558 0.696558 0.674819 0.674819 0.653986 0.633152 0.653986 0.674819 0.717391 0.73913 0.76087 0.76087 0.957428
D:\Thesis\Chu_viet_tay\Experiments\Clustering\Clustering_2\data\ta\ta2\fcf8b46c9eeb047a5595578c6e4451d7.jpg 1 1 0.980769 0.961538 0.942308 0.923789 0.88604 0.867521 0.713675 0.675926 0.657407 0.638177 0.619658 0.60114 0.60114 0.655983 0.655983 0.655983 0.655983 0.637464 0.581197 0.561254 0.52208 0.482906 0.463675 0.463675 0.463675 0.675214 0.655983 0.637464 0.637464 0.637464 0.655983 0.674501 0.674501 0.674501 0.693732 0.675214 0.694444
