D:\Thesis\Chu_viet_tay\Experiments\Clustering\Clustering_2\data\lowif\lowif1\03ce690fb3914532e968f79abf6d9b29.jpg 0.00336276 0.14684 0.148522 0.183551 0.18285 0.218159 0.2197 0.217879 0.574471 0.819252 0.9263 0.751016 0.824156 0.749895 0.753818 0.856662 0.752837 0.468965 0.256971 0.257531 0.223063 0.257251 0.259353 0.540843 0.681379 0.64621 0.539302 0.467984 0.574891 0.715287 0.927561 1 0.855962 0.681099 0.607818 0.327308 0.112512 0.114614 0.0814068 0.0446967 0.181028 0.322965 0.46392 0.640325 0.535099 0.42665
D:\Thesis\Chu_viet_tay\Experiments\Clustering\Clustering_2\data\lowif\lowif1\04c4e6e2c34d2496e5df0335c2f12a09.jpg 0.0338489 0.0987576 0.131973 0.162145 0.130958 0.130578 0.164047 0.164681 0.198783 0.199037 0.776749 0.807302 0.806542 0.838489 1 0.775355 0.677738 0.455502 0.135903 0.135903 0.165188 0.199417 0.19891 0.199163 0.200685 0.202206 0.296146 0.550837 0.77713 0.840644 0.901242 0.906567 0.87145 0.776496 0.745563 0.297794 0.361182 0.427231 0.711968 0.553245 0.389326 0.137804 0.137424 0.10497 0.0712475 0.00824037 0.00697262 0.329107 0.51927 0.615492 0.67964 0.55109 0.487323 0.197515 0.165822
D:\Thesis\Chu_viet_tay\Experiments\Clustering\Clustering_2\data\lowif\lowif1\05cd055e727ad31637129a590e42a1c1.jpg 0.00208037 0.031096 0.114639 0.141137 0.140918 0.139823 0.113325 0.112011 0.142012 0.146502 0.145626 0.392314 0.834228 0.944378 1 0.946129 0.808059 0.586554 0.585131 0.55929 0.613599 0.47728 0.283368 0.171357 0.337677 0.504106 0.559728 0.588087 0.669878 0.585569 0.698566 0.808716 0.891711 0.972298 0.780138 0.55929 0.366583 0.145078 0.146392 0.228184 0.308661 0.393299 0.584912 0.501478 0.419796
D:\Thesis\Chu_viet_tay\Experiments\Clustering\Clustering_2\data\lowif\lowif1\0a9941af98d92b7458dbfdc4db8b212f.jpg 0.00471744 0.103489 0.152629 0.176708 0.178182 0.152727 0.151843 0.128354 0.157838 0.132776 0.231351 0.752924 0.925111 1 0.527862 0.479509 0.454742 0.404816 0.405995 0.405307 0.406388 0.35312 0.380835 0.280098 0.303489 0.229779 0.180442 0.205897 0.425848 0.527961 0.575135 0.551646 0.526487 0.476658 0.475774 0.37828 0.330418 0.327764 0.205307 0.354496 0.504079 0.576904 0.57887 0.626044 0.253759 0.179361 0.131597 0.128845 0.100147
D:\Thesis\Chu_viet_tay\Experiments\Clustering\Clustering_2\data\lowif\lowif1\15cc5f3d9b16a1e7d255cbef33491c7d.jpg 0.00241331 0.0351835 0.0991998 0.130954 0.195351 0.196367 0.165629 0.165629 0.424362 0.777721 0.904611 1 0.810492 0.714086 0.61514 0.650197 0.584402 0.585546 0.491172 0.268005 0.262797 0.424743 0.519624 0.487235 0.294678 0.299505 0.327575 0.296075 0.263686 0.299124 0.491807 0.556713 0.713705 0.842373 0.715356 0.488886 0.362124 0.169948 0.139972 0.268005 0.58237 0.51937 0.38867
D:\Thesis\Chu_viet_tay\Experiments\Clustering\Clustering_2\data\lowif\lowif1\20b29959305e55147288ea54eb88651d.jpg 0.00250537 0.0639466 0.122763 0.184443 0.214627 0.214269 0.212718 0.183369 0.609163 0.788714 0.819613 0.910403 1 0.968623 0.759365 0.609401 0.307445 0.158554 0.157719 0.189215 0.216893 0.217728 0.458125 0.548676 0.640659 0.698998 0.822119 0.667621 0.730017 0.759246 0.729182 0.668337 0.547841 0.58053 0.639108 0.517896 0.399189 0.00954426 0.0101408 0.00680029 0.0640659 0.243379 0.4246 0.484252 0.365187 0.245526
D:\Thesis\Chu_viet_tay\Experiments\Clustering\Clustering_2\data\lowif\lowif1\23159d5ff84a2a342d2a9db0137f6d89.jpg 0.0062041 0.0711573 0.133958 0.197265 0.231704 0.581919 0.99924 0.998354 0.967967 0.870727 1 0.968093 0.805774 0.519878 0.231198 0.198658 0.230058 0.228919 0.197645 0.167004 0.232337 0.292986 0.389212 0.645353 0.807673 0.710433 0.775513 0.677513 0.643327 0.581666 0.455558 0.647252 0.6784 0.677387 0.710053 0.518992 0.230438 0.199164 0.233097 0.199038 0.200557 0.297037 0.711699 0.87098 0.870727 0.711699 0.327931
D:\Thesis\Chu_viet_tay\Experiments\Clustering\Clustering_2\data\lowif\lowif1\25f7accb347f723e67c4858bbe936d53.jpg 0.00366444 0.102343 0.135453 0.135715 0.135846 0.136108 0.170266 0.17092 0.370632 0.735506 0.930245 1 0.896872 0.928936 0.767831 0.701086 0.535925 0.77058 0.632901 0.43934 0.174977 0.206779 0.275618 0.537888 0.60267 0.405575 0.342887 0.504908 0.637613 0.640623 0.769271 0.867164 0.898704 0.867164 0.837848 0.700955 0.475461 0.406753 0.142782 0.110457 0.00706714 0.0077215 0.00615103 0.172098 0.633425 0.731318 0.697553 0.400733 0.0691009 0.00523492 0.00471143 0.00405706 0.00510404 0.00458055 0.104175 0.168303 0.16647
D:\Thesis\Chu_viet_tay\Experiments\Clustering\Clustering_2\data\lowif\lowif1\2aab493f05e127347f2d32d3d503b0aa.jpg 0.00493827 0.117211 0.152651 0.22992 0.631518 0.962527 1 0.889034 0.7435 0.667829 0.483079 0.449673 0.739579 0.741031 0.266812 0.192157 0.116776 0.227887 0.375309 0.484532 0.592883 0.66565 0.485113 0.448511 0.742629 0.853014 0.854902 0.776906 0.560058 0.454031 0.158606 0.156863 0.15846 0.1939 0.19085 0.154975 0.118519 0.153667 0.264343 0.410893 0.557153 0.481627 0.337981
D:\Thesis\Chu_viet_tay\Experiments\Clustering\Clustering_2\data\lowif\lowif1\2f2e6aa0b19347fcdf4f2e5ad8b92b33.jpg 0.00491504 0.0783598 0.148294 0.147451 0.254037 0.289987 0.360904 0.539952 0.964471 0.929083 0.85957 0.929083 1 0.858306 0.718158 0.502036 0.21893 0.185086 0.185929 0.25488 0.327342 0.504845 0.67982 0.75172 0.929926 0.752703 0.716192 0.85634 0.822497 0.71577 0.503862 0.254178 0.288162 0.395169 0.572672 0.324674 0.0075832 0.00744277 0.0051959 0.00631934 0.00463418 0.288864 0.500632 0.53602 0.535037 0.430417
D:\Thesis\Chu_viet_tay\Experiments\Clustering\Clustering_2\data\lowif\lowif1\3cd65f4acd94e7ec7e35910a44205c37.jpg 0.00431089 0.0683403 0.136047 0.167364 0.229745 0.358438 0.644605 0.709522 0.936731 1 0.680867 0.648409 0.616457 0.618233 0.553569 0.360467 0.23431 0.328262 0.488018 0.583872 0.648916 0.391911 0.328896 0.392291 0.454799 0.713453 0.806137 0.807912 0.807912 0.648409 0.554203 0.552428 0.326613 0.102574 0.101052 0.10232 0.102193 0.582351 0.615063 0.550273 0.389755
D:\Thesis\Chu_viet_tay\Experiments\Clustering\Clustering_2\data\lowif\lowif1\3ffb104d85142504ed56f25fa3e9b93f.jpg 0.00107322 0.032912 0.122705 0.181731 0.183759 0.182208 0.183639 0.183282 0.186621 0.188052 0.187217 0.187336 0.458383 0.638922 0.757811 0.668614 0.72943 0.669091 0.70093 0.638207 0.459098 0.157882 0.158121 0.157167 0.186859 0.187932 0.15657 0.154543 0.218936 0.308252 0.456356 0.518722 0.427498 0.400668 0.399714 0.460052 0.519676 0.672311 0.820296 0.881231 1 0.881111 0.579776 0.12664 0.0975435 0.0672549 0.0356547 0.186859 0.57751 0.578106 0.48569 0.397329
D:\Thesis\Chu_viet_tay\Experiments\Clustering\Clustering_2\data\lowif\lowif1\4014f744530d37860c902c15af0a0168.jpg 0.00547061 0.147566 0.253051 0.641885 0.643709 0.538505 0.39683 0.468369 0.683686 0.859447 0.861411 0.857343 0.857904 0.718754 0.539767 0.256698 0.184879 0.00813578 0.151213 0.254173 0.396269 0.537523 0.606116 0.501192 0.398653 0.364848 0.256137 0.362323 0.574975 0.966756 1 0.89171 0.677655 0.574975 0.253612 0.148127 0.147426 0.149811 0.146865 0.358956 0.396269 0.501192 0.502735 0.535419 0.432178 0.292327
D:\Thesis\Chu_viet_tay\Experiments\Clustering\Clustering_2\data\lowif\lowif1\40e9c6542f21c8a964fcca89163f6827.jpg 0.00414016 0.0808846 0.155912 0.157427 0.181056 0.207109 0.181561 0.155609 0.184893 0.314753 0.618701 0.898819 0.999596 1 0.771382 0.670908 0.695648 0.541553 0.442694 0.186004 0.237403 0.285974 0.390387 0.387963 0.415329 0.467131 0.414824 0.286782 0.287287 0.287792 0.415531 0.489751 0.643845 0.79693 0.898516 0.873776 0.569625 0.311926 0.137736 0.134808 0.133697 0.236393 0.415127 0.565182 0.642129 0.490659 0.413107 0.0834091
D:\Thesis\Chu_viet_tay\Experiments\Clustering\Clustering_2\data\lowif\lowif1\49bd0a579d78dcad7c86360cc8f324e8.jpg 0.00164474 0.0855263 0.0851974 0.113268 0.111952 0.142215 0.142654 0.143531 0.146601 0.174232 0.227741 0.50614 0.834759 0.947697 1 0.588487 0.449452 0.450329 0.502741 0.560088 0.476645 0.450987 0.394846 0.3375 0.366447 0.447917 0.504057 0.559978 0.336623 0.253289 0.252632 0.226206 0.227522 0.227632 0.309868 0.420504 0.726645 0.864912 0.922368 0.697588 0.366338 0.120175 0.147478 0.146382 0.149452 0.450439 0.61557 0.642215 0.530921 0.284101
D:\Thesis\Chu_viet_tay\Experiments\Clustering\Clustering_2\data\lowif\lowif1\4ad52b3ed953797d059e18a4ecfcc879.jpg 0.00202111 0.0307658 0.115428 0.142937 0.143162 0.172356 0.174714 0.175051 0.204918 0.716596 0.885358 1 0.79991 0.686279 0.489221 0.461262 0.432854 0.460476 0.546261 0.432293 0.234112 0.00651246 0.008309 0.00527734 0.00516506 0.260049 0.372221 0.456097 0.429598 0.345385 0.289917 0.288345 0.319784 0.406243 0.403324 0.492252 0.517741 0.6883 0.660341 0.574444 0.349652 0.237593 0.32057 0.548057 0.604424 0.575118 0.521222 0.206715 0.117 0.117786 0.0875814
D:\Thesis\Chu_viet_tay\Experiments\Clustering\Clustering_2\data\lowif\lowif1\4ecf5ba4d3af43b50d58064e115a67a2.jpg 0.00157445 0.0859199 0.115722 0.144962 0.144624 0.144624 0.173414 0.173414 0.203779 0.574224 0.714912 0.914755 1 0.913743 0.544984 0.489541 0.489654 0.489091 0.516532 0.431961 0.459289 0.318826 0.232906 0.176788 0.287449 0.345029 0.374606 0.145749 0.116622 0.0901934 0.0897436 0.118309 0.205016 0.206815 0.402159 0.433873 0.548021 0.574336 0.604813 0.432524 0.288799 0.316577 0.119096 0.119321 0.147773 0.120558 0.147436 0.118309 0.516982 0.631691 0.601889 0.404521 0.121233 0.119433 0.0917679 0.0905308
D:\Thesis\Chu_viet_tay\Experiments\Clustering\Clustering_2\data\lowif\lowif1\5076e26fd5db3aa8803cff56f71f2e92.jpg 0.0050755 0.134247 0.198325 0.199594 0.167872 0.200863 0.48674 0.80637 0.935795 0.999239 0.935287 1 0.806116 0.552976 0.134628 0.166984 0.166857 0.136023 0.0714376 0.00570994 0.167491 0.327877 0.519477 0.615277 0.648395 0.58419 0.871971 0.968278 0.969039 0.903819 0.555006 0.137292 0.136658 0.137546 0.104301 0.102018 0.103159 0.102271 0.293744 0.581271 0.580764 0.486106
D:\Thesis\Chu_viet_tay\Experiments\Clustering\Clustering_2\data\lowif\lowif1\60aa2fbc37552386a1f04de16009f777.jpg 0.0295607 0.0834109 0.108217 0.1077 0.134057 0.13416 0.136124 0.291163 0.631731 0.657261 0.606098 0.605065 0.629871 0.709974 0.527028 0.423359 0.160413 0.15969 0.160724 0.108941 0.0815504 0.187494 0.369406 0.421705 0.372196 0.372506 0.449819 0.580775 0.632145 0.686202 0.657571 0.814677 1 0.766098 0.555245 0.138708 0.110594 0.137158 0.110801 0.110491 0.0834109 0.0848579 0.212817 0.555142 0.501912 0.476072
D:\Thesis\Chu_viet_tay\Experiments\Clustering\Clustering_2\data\lowif\lowif1\61274492ccbe7848c203dce050f1b8db.jpg 0.0032974 0.0357641 0.13215 0.161953 0.226506 0.195434 0.163982 0.162334 0.165885 0.453393 0.743437 0.709702 0.487762 0.5513 0.616107 0.55168 0.52137 0.455422 0.584528 0.615599 0.487381 0.201522 0.327838 0.457578 0.519721 0.614711 0.327584 0.296259 0.230818 0.266328 0.328852 0.454914 0.907546 0.999239 1 0.77806 0.522004 0.428789 0.26468 0.135828 0.101205 0.0996829 0.101205 0.0700063 0.0380469 0.133672 0.325048 0.451744 0.450856 0.323779 0.195561
D:\Thesis\Chu_viet_tay\Experiments\Clustering\Clustering_2\data\lowif\lowif1\650f6a6b6645a955afaa57ea0d3f1972.jpg 0.00340448 0.102527 0.135655 0.168914 0.138667 0.136834 0.169438 0.169438 0.204531 0.206364 0.271049 0.833573 0.865261 0.834228 0.798219 0.79966 0.601414 0.667671 0.733927 0.504517 0.235433 0.239623 0.270132 0.270394 0.30182 0.335603 0.433023 0.531753 0.372005 0.371743 0.338615 0.237659 0.307058 0.407621 0.440749 0.7372 0.900615 0.966348 1 0.738117 0.602985 0.472044 0.208197 0.139322 0.106063 0.00746366 0.0069399 0.238052 0.501244 0.732225 0.732487 0.600236 0.368076
D:\Thesis\Chu_viet_tay\Experiments\Clustering\Clustering_2\data\lowif\lowif1\65689a99c6021ae82b85b5e7bdabc129.jpg 0.00697066 0.120389 0.484606 0.666425 0.559396 0.704182 0.741795 0.851002 0.739617 0.668603 0.741214 0.592797 0.446849 0.192274 0.194453 0.00900378 0.00987511 0.265176 0.337642 0.375835 0.268952 0.410398 0.66962 0.849405 0.962242 1 0.886727 0.925211 0.851728 0.632007 0.48722 0.341563 0.339384 0.119082 0.118792 0.153209 0.158583 0.118501 0.557218 0.815277 0.92492 0.961226 0.887308 0.448301 0.194017 0.154516 0.192565 0.155097
D:\Thesis\Chu_viet_tay\Experiments\Clustering\Clustering_2\data\lowif\lowif1\6775ee1888af6e0fc13a0cea029dae1a.jpg 0.0018432 0.0643893 0.157287 0.187515 0.188621 0.188744 0.156304 0.189113 0.192431 0.193536 0.502826 0.874293 0.966454 1 0.748833 0.813099 0.721307 0.655689 0.631482 0.689604 0.534529 0.318874 0.193291 0.224011 0.252888 0.252396 0.190833 0.222782 0.344556 0.468911 0.53158 0.532195 0.629516 0.690833 0.723274 0.846031 0.937208 0.8464 0.751659 0.844556 0.594249 0.532686 0.254117 0.131728 0.103097 0.100025 0.0693045 0.12841 0.314696 0.529737 0.560457 0.438437 0.251659
D:\Thesis\Chu_viet_tay\Experiments\Clustering\Clustering_2\data\lowif\lowif1\6a22ca7db062f4c2116937ebfeba98a4.jpg 0.0365436 0.102144 0.166223 0.165081 0.228017 0.841264 0.872224 1 0.744449 0.743941 0.612993 0.518081 0.614008 0.486486 0.360233 0.196802 0.163812 0.163685 0.19566 0.260119 0.419744 0.515544 0.419236 0.292602 0.487121 0.551707 0.713996 0.775282 0.808146 0.680878 0.680624 0.520619 0.261134 0.26418 0.134754 0.165842 0.134374 0.134247 0.102398 0.518843 0.551326 0.552341 0.519731
D:\Thesis\Chu_viet_tay\Experiments\Clustering\Clustering_2\data\lowif\lowif1\6b7ac964bdd5b2f12bfa002e8698d4dd.jpg 0.00298223 0.0626267 0.151974 0.153167 0.152929 0.15436 0.152929 0.153883 0.158177 0.157819 0.159489 0.188954 0.308243 0.519027 0.72826 0.909698 1 0.81713 0.700107 0.699153 0.668496 0.549087 0.160444 0.185852 0.218299 0.216748 0.158177 0.185375 0.366575 0.515806 0.575808 0.637719 0.396994 0.368245 0.37075 0.582011 0.759633 0.821186 0.76178 0.75999 0.369438 0.130144 0.129429 0.126566 0.126446 0.126446 0.126685 0.096982 0.0642968 0.00512943 0.00560658 0.00441369 0.305261 0.516044 0.515209 0.336276 0.183944
D:\Thesis\Chu_viet_tay\Experiments\Clustering\Clustering_2\data\lowif\lowif1\6e0131b650466f276ceefef9f04f7c8f.jpg 0.00157377 0.0702951 0.135607 0.169443 0.168656 0.234492 0.233574 0.233967 0.238557 0.241443 0.636197 0.898229 0.833967 0.668852 0.736393 0.66859 0.733115 0.767344 0.603541 0.205508 0.174951 0.172852 0.240262 0.239738 0.272656 0.272656 0.375869 0.471607 0.572328 0.570098 0.670033 0.868984 0.803016 0.903082 0.966951 1 0.704525 0.504131 0.242492 0.176393 0.174033 0.139148 0.140328 0.138885 0.0377705 0.0401311 0.272918 0.53718 0.567082 0.49941 0.237115
D:\Thesis\Chu_viet_tay\Experiments\Clustering\Clustering_2\data\lowif\lowif1\6e110f8737968c07df13d06488ae150b.jpg 0.00134983 0.0867267 0.0865017 0.11676 0.116198 0.145332 0.115748 0.144319 0.203825 0.601912 0.771316 0.914286 1 0.629246 0.520135 0.459843 0.459843 0.487514 0.403825 0.291339 0.377053 0.346007 0.263555 0.319348 0.4036 0.516198 0.486502 0.404274 0.346344 0.375478 0.376828 0.403037 0.546232 0.546007 0.604274 0.772778 0.801012 0.662992 0.322272 0.205849 0.149381 0.148144 0.147919 0.4018 0.601575 0.601125 0.571766
D:\Thesis\Chu_viet_tay\Experiments\Clustering\Clustering_2\data\lowif\lowif1\6e5d0b0888f3ce1bd67da7599be3894d.jpg 0.00814664 0.15435 0.193046 0.742362 0.925225 0.998982 0.594705 0.705412 0.811754 0.74149 0.669188 0.632674 0.70483 0.631074 0.447774 0.264911 0.266948 0.266075 0.41286 0.447047 0.592959 0.706866 0.632674 0.521385 0.633547 0.744545 1 0.964795 0.997236 0.851615 0.77975 0.634565 0.484871 0.152895 0.155659 0.116672 0.265202 0.486034 0.629619 0.704684 0.594123 0.373436 0.191446
D:\Thesis\Chu_viet_tay\Experiments\Clustering\Clustering_2\data\lowif\lowif1\70d5cbdf36c61e83bdd0d4ef35e29e34.jpg 0.00380508 0.0963545 0.128391 0.126795 0.126795 0.157113 0.188658 0.189395 0.469866 0.625506 0.748742 0.627102 0.594943 0.594697 0.689211 0.782374 0.534921 0.564993 0.532711 0.472321 0.223886 0.224009 0.195409 0.193814 0.159445 0.129496 0.221922 0.378176 0.50043 0.561434 0.501534 0.406039 0.411808 0.600712 0.753038 0.999141 1 0.969805 0.661839 0.379035 0.157359 0.126672 0.125568 0.125445 0.097091 0.126304 0.097091 0.033141 0.0656683 0.28354 0.437339 0.499939 0.405671 0.313367 0.222045
D:\Thesis\Chu_viet_tay\Experiments\Clustering\Clustering_2\data\lowif\lowif1\71c6a9b8ccbb60dde5e1a5d7a2c0fc89.jpg 0.00775912 0.036132 0.122756 0.152171 0.182281 0.269716 0.766068 0.912913 1 0.680255 0.56271 0.561899 0.678518 0.64945 0.561552 0.358078 0.152982 0.211349 0.209844 0.240417 0.387377 0.473538 0.562826 0.474117 0.356688 0.416445 0.47597 0.56132 0.592009 0.649218 0.851998 0.941749 0.590272 0.35912 0.124378 0.00914881 0.0074117 0.00822235 0.035553 0.209033 0.41216 0.529126 0.413086 0.266589
D:\Thesis\Chu_viet_tay\Experiments\Clustering\Clustering_2\data\lowif\lowif1\73aab3d3495b82815a8646ba77d88c9e.jpg 0.0022673 0.0625298 0.122196 0.185203 0.154654 0.153699 0.153699 0.185442 0.188425 0.42852 0.638186 0.880191 1 0.758353 0.579117 0.57685 0.549165 0.547733 0.429117 0.277685 0.159427 0.186874 0.27852 0.36957 0.54821 0.759785 0.789618 0.851074 0.880907 0.880549 0.820644 0.729952 0.731265 0.491766 0.252029 0.156563 0.128282 0.129714 0.100119 0.1 0.00405728 0.00441527 0.00429594 0.274463 0.425656 0.54463 0.394033 0.335203
D:\Thesis\Chu_viet_tay\Experiments\Clustering\Clustering_2\data\lowif\lowif1\7630da8a958224dfd66d729aebbb45e6.jpg 0.00280978 0.108879 0.146951 0.147373 0.145687 0.145546 0.181933 0.180669 0.1839 0.469092 0.823546 0.965299 0.929756 0.858809 0.826496 0.824529 0.753302 0.612391 0.183479 0.185586 0.185164 0.182917 0.113094 0.0783928 0.254425 0.506182 0.539056 0.57755 0.362883 0.328744 0.468249 0.539337 0.574459 0.68095 0.825794 0.96544 0.963754 1 0.788283 0.434673 0.147373 0.113094 0.0387749 0.00393369 0.00266929 0.00519809 0.00309076 0.00196684 0.611689 0.752037 0.716212 0.429194
D:\Thesis\Chu_viet_tay\Experiments\Clustering\Clustering_2\data\lowif\lowif1\769244f367a1787674d65944d5bd0849.jpg 0.00551253 0.138338 0.236776 0.23717 0.237826 0.902612 0.969025 1 0.737367 0.799974 0.76808 0.769524 0.537866 0.370127 0.209608 0.241502 0.271033 0.270639 0.338102 0.405303 0.438246 0.469615 0.436278 0.437065 0.570941 0.735267 0.769917 0.836461 0.86888 0.902218 0.705867 0.372752 0.241764 0.108676 0.107363 0.141882 0.074288 0.039769 0.00840005 0.40609 0.53616 0.535635 0.40399
D:\Thesis\Chu_viet_tay\Experiments\Clustering\Clustering_2\data\lowif\lowif1\789ab72bb361638b1a212875c8de8fc7.jpg 0.00338662 0.10783 0.140477 0.174072 0.208209 0.208616 0.210512 0.243159 0.589813 0.761989 1 0.76104 0.758602 0.761447 0.759821 0.691276 0.690734 0.724871 0.793958 0.689786 0.214034 0.212679 0.17922 0.110946 0.109997 0.146437 0.521268 0.624357 0.725955 0.657681 0.486589 0.522487 0.930236 0.932674 0.897724 0.795855 0.626659 0.558114 0.524655 0.38621 0.108643 0.142915 0.212409 0.347738 0.315362 0.449743 0.418315 0.380249 0.310214
D:\Thesis\Chu_viet_tay\Experiments\Clustering\Clustering_2\data\lowif\lowif1\7f8bb286b09ef8f6adcb26fccfb883a3.jpg 0.00698487 0.120925 0.191065 0.74287 0.852736 0.963475 0.816793 0.961874 0.961729 0.779104 0.853463 0.557334 0.522701 0.341385 0.234139 0.266298 0.379366 0.526775 0.748981 0.855937 0.745925 0.780268 0.67564 0.784342 0.93248 1 0.929278 0.820285 0.454016 0.380093 0.270809 0.0830908 0.0804715 0.00640279 0.00858556 0.302532 0.594878 0.630966 0.59255 0.264406
D:\Thesis\Chu_viet_tay\Experiments\Clustering\Clustering_2\data\lowif\lowif1\8126812335f037d9396d1f716ad1ff45.jpg 0.0070931 0.0402787 0.134009 0.166814 0.166434 0.19848 0.646992 0.901837 0.934769 0.870551 0.806586 0.90247 0.836985 0.711336 0.261431 0.134009 0.197593 0.198733 0.133882 0.133122 0.197213 0.165928 0.261685 0.453832 0.518429 0.679797 0.457251 0.551868 0.550982 0.614186 0.776441 0.840532 0.934896 1 0.8076 0.522356 0.234579 0.138569 0.137935 0.137555 0.134769 0.135529 0.104117 0.39012 0.548702 0.581254 0.548195 0.262951
D:\Thesis\Chu_viet_tay\Experiments\Clustering\Clustering_2\data\lowif\lowif1\87dfe9dc1611d11b63feb613d8f74250.jpg 0.0410099 0.114565 0.150029 0.15251 0.188704 0.188266 0.187828 0.225628 0.229568 0.27014 0.633976 0.96366 0.927904 1 0.96906 0.672796 0.742703 0.709428 0.523789 0.230736 0.192644 0.196147 0.268097 0.487303 0.562755 0.487595 0.451547 0.524081 0.633976 0.633538 0.599387 0.560858 0.637478 0.710012 0.894046 0.820636 0.892148 0.967455 0.672358 0.267367 0.152072 0.192644 0.190163 0.150321 0.153094 0.115879 0.15324 0.818739 0.817572 0.855079 0.857122 0.375657 0.00700525 0.084063 0.227379 0.263135 0.259632 0.189726
D:\Thesis\Chu_viet_tay\Experiments\Clustering\Clustering_2\data\lowif\lowif1\8f64773410ec87bb28921a653786f496.jpg 0.00589308 0.11716 0.220991 0.50456 0.679809 0.68009 0.644591 0.645152 0.680791 0.574996 0.538796 0.610495 0.611758 0.326224 0.185351 0.184931 0.255507 0.399327 0.469763 0.57654 0.649081 0.575558 0.718675 0.789392 0.682615 0.719096 0.78813 0.893504 1 0.930967 0.964642 0.682335 0.467799 0.150554 0.113933 0.114073 0.113652 0.0105234 0.14859 0.645573 0.678827 0.71629 0.393714
D:\Thesis\Chu_viet_tay\Experiments\Clustering\Clustering_2\data\lowif\lowif1\924ceacf2b97a34a6126e335bfb3c1bb.jpg 0.00749206 0.0725079 0.135746 0.166095 0.263238 0.581841 0.67873 0.99873 1 0.871365 0.647238 0.584381 0.681778 0.743365 0.682921 0.552254 0.0728889 0.0713651 0.167619 0.261714 0.456127 0.550222 0.582095 0.359111 0.358476 0.326349 0.294095 0.263492 0.296 0.328254 0.45473 0.519365 0.616 0.743619 0.55454 0.490032 0.362413 0.170159 0.171048 0.136508 0.134095 0.136381 0.165714 0.777778 0.808 0.647873 0.455492 0.103365 0.133079 0.0994286 0.100444
D:\Thesis\Chu_viet_tay\Experiments\Clustering\Clustering_2\data\lowif\lowif1\9362882cfaaa830f59b0addd8f551c65.jpg 0.00477612 0.127761 0.217552 0.217194 0.518209 0.84991 0.880716 0.609672 0.728597 0.942925 1 0.819701 0.61003 0.160119 0.158209 0.188418 0.187582 0.159642 0.187104 0.430448 0.637731 0.700179 0.638687 0.578149 0.61206 0.57994 0.610985 0.640836 0.760119 0.730269 0.731224 0.670806 0.488358 0.248239 0.0389254 0.00955224 0.00573134 0.00680597 0.00656716 0.00585075 0.424597 0.546388 0.545194 0.39594
D:\Thesis\Chu_viet_tay\Experiments\Clustering\Clustering_2\data\lowif\lowif1\94b2e26799364723206e0fba65d3728b.jpg 0.0517854 0.0768396 0.076741 0.101795 0.101993 0.127441 0.12754 0.152002 0.155159 0.155948 0.178931 0.477905 0.603078 0.85145 1 0.776287 0.652397 0.454034 0.504833 0.501776 0.430262 0.13119 0.0821661 0.0803906 0.0785165 0.253896 0.327382 0.403531 0.327974 0.304695 0.254192 0.228743 0.30578 0.428191 0.579897 0.652101 0.579108 0.602288 0.653482 0.703393 0.578221 0.352436 0.106333 0.106629 0.105248 0.105149 0.108799 0.0544486 0.0548432 0.453837 0.505622 0.580391 0.503156
D:\Thesis\Chu_viet_tay\Experiments\Clustering\Clustering_2\data\lowif\lowif1\9591abf47f22d2fc3011b6fb6d31239e.jpg 0.00636353 0.0948745 0.152956 0.150874 0.180956 0.151683 0.154923 0.359482 0.73655 0.827838 0.914729 0.766401 0.736203 0.767905 0.709244 0.70774 0.736781 0.587875 0.445216 0.122874 0.183385 0.182691 0.153882 0.154692 0.152031 0.272128 0.38806 0.472637 0.47391 0.386093 0.417216 0.386787 0.416638 0.564272 0.679162 0.769177 1 0.709592 0.415365 0.269004 0.122064 0.119866 0.0908249 0.119287 0.0629411 0.00370242 0.00335532 0.00509082 0.123915 0.326738 0.413514 0.557445 0.411894 0.296772
D:\Thesis\Chu_viet_tay\Experiments\Clustering\Clustering_2\data\lowif\lowif1\979ed216a27c354f9b843f2d3091b32e.jpg 0.00279759 0.108407 0.144636 0.180305 0.180305 0.179606 0.214855 0.179326 0.219611 0.22045 0.537138 1 0.996923 0.786264 0.784725 0.821653 0.859561 0.786264 0.820534 0.679955 0.468317 0.222688 0.22129 0.222549 0.217233 0.219751 0.149112 0.11596 0.25542 0.396559 0.607078 0.677577 0.608057 0.680375 0.819835 0.963212 0.892712 0.857882 0.502448 0.503707 0.609176 0.643587 0.49951 0.0760946 0.0776332 0.218352 0.287872 0.536019 0.533921 0.427752
D:\Thesis\Chu_viet_tay\Experiments\Clustering\Clustering_2\data\lowif\lowif1\9d199aab162833b5ddbaab11daca9282.jpg 0.0032445 0.0617613 0.119815 0.148899 0.149015 0.150406 0.150058 0.12051 0.151448 0.151912 0.18343 0.268714 0.562572 0.825145 1 0.971611 0.796292 0.649826 0.386559 0.327115 0.241251 0.184009 0.183082 0.150985 0.124681 0.386211 0.503013 0.706141 0.765122 0.737775 0.53372 0.47555 0.621669 0.76883 0.884705 0.739282 0.534415 0.0967555 0.0952491 0.125492 0.123754 0.0950174 0.24102 0.679027 0.705794 0.678795 0.387022 0.123638 0.0909618 0.0908459 0.0902665 0.089803
D:\Thesis\Chu_viet_tay\Experiments\Clustering\Clustering_2\data\lowif\lowif1\a22358ea87840b3722de49c08c6fa8f4.jpg 0.00301165 0.0364017 0.135263 0.168129 0.167212 0.201912 0.202697 0.168391 0.172057 0.173236 0.205578 0.502553 0.734189 1 0.998298 0.800707 0.503601 0.138929 0.136834 0.171141 0.137096 0.205709 0.469818 0.501375 0.537253 0.567107 0.570119 0.53686 0.439701 0.535943 0.800445 0.899044 0.933089 0.83449 0.469294 0.172974 0.172843 0.141941 0.174152 0.141024 0.137489 0.304177 0.534896 0.633364 0.500458 0.338615
D:\Thesis\Chu_viet_tay\Experiments\Clustering\Clustering_2\data\lowif\lowif1\a50bd06e157e1cf0ea8a623ed61abe92.jpg 0.00298184 0.0721063 0.140824 0.208458 0.243833 0.242884 0.209542 0.209542 0.180808 0.180808 0.728382 0.795473 1 0.6926 0.762131 0.692329 0.657224 0.556655 0.554757 0.797913 0.796151 0.486446 0.215506 0.28341 0.211982 0.35023 0.519653 0.622662 0.587964 0.450393 0.519924 0.484955 0.52277 0.589862 0.798726 0.864055 0.933722 0.657224 0.794931 0.589591 0.278802 0.143399 0.108837 0.107888 0.110192 0.0406614 0.00664137 0.311873 0.449038 0.584982 0.381133 0.244104
D:\Thesis\Chu_viet_tay\Experiments\Clustering\Clustering_2\data\lowif\lowif1\b55695f60acd08c2dcc76b0dc0be1137.jpg 0.00131191 0.0856018 0.112496 0.139937 0.167705 0.140921 0.141139 0.140155 0.144091 0.172297 0.173172 0.171532 0.229365 0.392697 0.531759 0.804854 1 0.712365 0.625888 0.436865 0.421122 0.341095 0.286214 0.14431 0.141795 0.170438 0.25287 0.388215 0.473926 0.231551 0.251558 0.253307 0.319777 0.696075 0.722313 0.674319 0.403739 0.401334 0.480813 0.420794 0.353012 0.197332 0.117962 0.245764 0.329726 0.454794 0.417405 0.253416
D:\Thesis\Chu_viet_tay\Experiments\Clustering\Clustering_2\data\lowif\lowif1\b5bca15e9ce5264b3eaad65d9d86a854.jpg 0.045032 0.119553 0.191313 0.189861 0.22821 0.229518 0.22792 0.485619 0.961069 0.925334 0.816531 0.889454 0.961069 0.743463 0.851976 0.816241 0.595003 0.265398 0.19204 0.230535 0.227484 0.22821 0.338466 0.410808 0.484747 0.592824 0.486926 0.411243 0.634224 0.926787 0.998547 1 0.778327 0.814497 0.631755 0.448431 0.155578 0.154707 0.154852 0.154271 0.151365 0.154997 0.261476 0.411534 0.556798 0.448141 0.37362 0.227193
D:\Thesis\Chu_viet_tay\Experiments\Clustering\Clustering_2\data\lowif\lowif1\b953a6eb7dfe37f6c0f99d7547b66947.jpg 0.00228282 0.0670894 0.0994293 0.131642 0.163094 0.163475 0.161699 0.227394 0.232847 0.262777 0.906151 0.935827 1 0.905517 0.906405 0.742676 0.679518 0.680913 0.647685 0.585415 0.423716 0.234496 0.32936 0.35967 0.424096 0.391376 0.360558 0.55168 0.615599 0.808244 0.773367 0.808117 0.743817 0.680025 0.52137 0.263792 0.138237 0.137223 0.169943 0.168167 0.134432 0.168802 0.297654 0.711224 0.711351 0.677362 0.360304 0.135701 0.165377
D:\Thesis\Chu_viet_tay\Experiments\Clustering\Clustering_2\data\lowif\lowif1\bc37384ec9251a91afa8a97da465d1cf.jpg 0.00873206 0.0119617 0.279665 0.458612 0.821411 1 0.761962 0.549282 0.523565 0.614115 0.64055 0.644498 0.585048 0.555024 0.611603 0.583134 0.43122 0.160766 0.133134 0.0998804 0.0116029 0.00968899 0.344258 0.490311 0.582177 0.764474 0.741268 0.642823 0.794139 0.792823 0.734689 0.656579 0.366866 0.323325 0.305502 0.189593 0.00753589 0.249043 0.416268 0.555383 0.661244 0.338995 0.242943 0.229785 0.124163 0.00645933
D:\Thesis\Chu_viet_tay\Experiments\Clustering\Clustering_2\data\lowif\lowif1\bc68590f61eed2cff5f8fa41bd39c697.jpg 0.00342509 0.0995814 0.133325 0.169605 0.164658 0.166434 0.711024 0.807434 0.839148 0.681466 0.74185 0.679817 0.616263 0.520487 0.45706 0.45706 0.262971 0.106685 0.00634276 0.00811874 0.00837245 0.261829 0.422174 0.550806 0.647342 0.520233 0.425092 0.458835 0.488773 0.582393 0.842192 0.96892 1 0.582139 0.327413 0.231511 0.136623 0.105924 0.0715464 0.039452 0.00443993 0.00291767 0.388938 0.676392 0.70633 0.581251
D:\Thesis\Chu_viet_tay\Experiments\Clustering\Clustering_2\data\lowif\lowif1\c18992fd9e54493a86ae800da784cd3a.jpg 0.00711744 0.00711744 0.167895 0.328292 0.359812 0.392476 0.390188 0.456533 0.84151 0.940264 1 0.778343 0.715811 0.746823 0.622267 0.744916 0.68391 0.681113 0.716701 0.811007 0.746568 0.619725 0.365785 0.362227 0.457168 0.550839 0.778597 0.614896 0.585918 0.55122 0.680224 0.871759 0.905567 0.933782 0.936833 0.584392 0.23818 0.105491 0.109431 0.3288 0.422852 0.744281 0.744662 0.423615 0.169548
D:\Thesis\Chu_viet_tay\Experiments\Clustering\Clustering_2\data\lowif\lowif1\c4f058af7e87840be5800138dcb3dc53.jpg 0.00589569 0.121542 0.157823 0.201058 0.198186 0.238549 0.655178 0.732729 0.618443 0.692064 0.84898 0.694482 0.732275 0.618443 0.656841 0.390174 0.234769 0.19743 0.158881 0.120484 0.234165 0.348299 0.464097 0.499924 0.354044 0.278156 0.352079 0.393651 0.505971 0.581255 0.849433 0.96387 1 0.886773 0.849131 0.810884 0.620862 0.392441 0.126077 0.0858655 0.120635 0.425548 0.652305 0.653817 0.462887
D:\Thesis\Chu_viet_tay\Experiments\Clustering\Clustering_2\data\lowif\lowif1\c5cb1fb00781fba94dd2e70d2a620410.jpg 0.00295372 0.0850016 0.139263 0.140138 0.140685 0.113445 0.140685 0.140028 0.11618 0.172738 0.751012 0.917296 1 0.916749 0.532218 0.448419 0.393174 0.393064 0.641177 0.475878 0.171754 0.173504 0.227765 0.338694 0.365496 0.255661 0.254567 0.504649 0.532218 0.532655 0.560989 0.641286 0.668526 0.419867 0.173832 0.00886117 0.00667323 0.118696 0.365168 0.44831 0.613718 0.64063 0.283448 0.253364 0.226233 0.144514 0.145061 0.116289 0.11432 0.113336 0.111913 0.11257 0.0835795
D:\Thesis\Chu_viet_tay\Experiments\Clustering\Clustering_2\data\lowif\lowif1\c8cf827eb3636f6f89aa7675f725bae0.jpg 0.00292811 0.078857 0.0784532 0.104604 0.103897 0.103292 0.104402 0.105008 0.133582 0.10935 0.108239 0.107835 0.109451 0.387722 0.795133 0.974253 1 0.87187 0.566741 0.617427 0.567145 0.439015 0.159431 0.159532 0.158926 0.132977 0.157815 0.233845 0.361167 0.438106 0.515751 0.488994 0.516862 0.492528 0.542205 0.618437 0.619144 0.643376 0.568154 0.516256 0.387722 0.286248 0.184572 0.133179 0.10834 0.109148 0.0819871 0.0565428 0.0815832 0.415388 0.462843 0.489297 0.438611 0.209713
D:\Thesis\Chu_viet_tay\Experiments\Clustering\Clustering_2\data\lowif\lowif1\ccc19fb003ad819fbc2d93986b7728c4.jpg 0.00377148 0.0743121 0.14611 0.178936 0.179634 0.217069 0.217209 0.253806 0.641849 0.745076 0.641011 0.81841 0.993155 0.920799 0.711273 0.464869 0.217209 0.21693 0.251013 0.21665 0.21693 0.181171 0.217209 0.252968 0.326023 0.431625 0.464311 0.361643 0.291242 0.361084 0.328258 0.5044 0.714904 0.963542 1 0.854868 0.646599 0.572845 0.39838 0.151138 0.112586 0.00852074 0.00991759 0.0071239 0.00991759 0.148065 0.324626 0.464869 0.533454 0.463193 0.357173 0.180891
D:\Thesis\Chu_viet_tay\Experiments\Clustering\Clustering_2\data\lowif\lowif1\ceeadc89bcc442b3cc276ef028046e8d.jpg 0.0050961 0.0809552 0.189866 0.225976 0.263978 0.228888 0.52184 0.631479 0.89138 0.743302 0.669336 0.743011 0.889924 0.92516 0.889196 0.374199 0.22947 0.229033 0.22947 0.265725 0.414386 0.487624 0.632935 0.743448 0.740973 0.781596 1 0.89007 0.891672 0.777665 0.709522 0.669336 0.26456 0.15463 0.15332 0.118375 0.118666 0.0793535 0.0468841 0.484129 0.592895 0.556639 0.337362
D:\Thesis\Chu_viet_tay\Experiments\Clustering\Clustering_2\data\lowif\lowif1\cf8630e0ba5c4c6eec9e308ece97d2f2.jpg 0.00487475 0.0731212 0.141232 0.140149 0.144617 0.141774 0.623832 0.725254 0.894922 0.897495 0.896005 0.689777 0.622478 0.691672 0.553284 0.177928 0.210427 0.212999 0.175897 0.178334 0.3109 0.451049 0.518348 0.588084 0.520785 0.65958 0.791875 1 0.930399 0.827082 0.315098 0.31564 0.142993 0.14394 0.108734 0.109276 0.656601 0.659174 0.58998
D:\Thesis\Chu_viet_tay\Experiments\Clustering\Clustering_2\data\lowif\lowif1\d36406009f62dcda18eb146bd0b5b4de.jpg 0.00212834 0.0821539 0.109397 0.136427 0.110567 0.135894 0.13515 0.136852 0.165798 0.169203 0.168352 0.167926 0.166755 0.570501 0.839523 1 0.946153 0.704161 0.54411 0.597957 0.489518 0.356603 0.169097 0.00532085 0.00415026 0.0848143 0.220177 0.325423 0.326168 0.220283 0.142279 0.0856656 0.0861977 0.168777 0.167713 0.251463 0.435884 0.760243 0.678089 0.681494 0.678302 0.410982 0.277003 0.114292 0.114611 0.112376 0.115569 0.0855592 0.0828988 0.00478876 0.00340534 0.432478 0.489305 0.487177 0.407258
D:\Thesis\Chu_viet_tay\Experiments\Clustering\Clustering_2\data\lowif\lowif1\d42027f95a4f46695c27030f92208f8c.jpg 0.00581081 0.108784 0.382703 0.754054 0.827027 0.687838 0.758649 0.723243 0.722568 0.791622 0.685946 0.552568 0.213919 0.210676 0.212432 0.212297 0.211081 0.215676 0.285811 0.418243 0.589595 0.724865 0.692838 1 0.998514 0.962162 0.759189 0.623784 0.454595 0.452568 0.452838 0.488513 0.52 0.586892 0.44973 0.0443243 0.0077027 0.00675676 0.247973 0.482838 0.583243 0.652973 0.48027 0.243649
D:\Thesis\Chu_viet_tay\Experiments\Clustering\Clustering_2\data\lowif\lowif1\d8527ef2ea1b770c406dbc73b0b6103b.jpg 0.00379044 0.0400704 0.144037 0.176526 0.211182 0.210776 0.245025 0.622445 0.863815 1 0.691485 0.655205 0.795181 0.828618 0.930554 0.828482 0.279139 0.278462 0.27765 0.24313 0.142142 0.141735 0.278733 0.447137 0.486124 0.487884 0.454447 0.624611 0.730066 0.764857 0.862461 0.863544 0.829024 0.831325 0.458373 0.385136 0.320563 0.318397 0.248815 0.114932 0.111006 0.0444023 0.0102883 0.00839312 0.111547 0.348179 0.554217 0.554352 0.51726 0.175443
D:\Thesis\Chu_viet_tay\Experiments\Clustering\Clustering_2\data\lowif\lowif1\dddd67d11a1c3593a04001e0058e384b.jpg 0.201297 0.235122 0.202823 0.171287 0.646872 0.842192 0.805824 0.744914 0.777085 0.715921 0.713759 0.680188 0.586343 0.462487 0.36381 0.363937 0.391785 0.552136 0.645219 0.741099 0.582146 0.51971 0.491734 0.422813 0.457146 0.460071 0.490081 0.584181 0.778611 0.901958 1 0.648271 0.519074 0.103255 0.0703204 0.00775687 0.00890132 0.00445066 0.0106816 0.0069939 0.00724822 0.00877416 0.29527 0.580239 0.774924 0.644201 0.39115 0.00788403 0 0
D:\Thesis\Chu_viet_tay\Experiments\Clustering\Clustering_2\data\lowif\lowif1\e155911e2d06645b8f119021180e1e27.jpg 0.00321812 0.0626937 0.122288 0.153993 0.155423 0.155066 0.155185 0.154231 0.308224 0.821097 0.909297 1 0.757807 0.699642 0.637306 0.639333 0.609178 0.368892 0.217282 0.21764 0.278546 0.429559 0.547437 0.60882 0.458403 0.459237 0.401192 0.398093 0.462574 0.550656 0.640405 0.790584 0.911085 0.701549 0.521573 0.22062 0.160191 0.129201 0.132181 0.0995232 0.128129 0.188319 0.608582 0.607271 0.578308
D:\Thesis\Chu_viet_tay\Experiments\Clustering\Clustering_2\data\lowif\lowif1\ec875eb96f3077474addd88dbb3254f9.jpg 0.00845666 0.0863787 0.200997 0.238448 0.275899 0.503775 0.769254 0.694956 0.694201 0.771368 0.919813 0.920266 0.843099 0.618544 0.200393 0.200242 0.23588 0.237693 0.15977 0.0862277 0.158411 0.464361 0.692389 0.80897 0.696164 0.694956 0.770311 0.811386 0.96572 0.923286 0.924645 0.963455 1 0.963153 0.620205 0.470251 0.201752 0.0137421 0.012534 0.00830565 0.00543642 0.00619148 0.00664452 0.231954 0.535941 0.651314 0.652522 0.348233 0.231199
D:\Thesis\Chu_viet_tay\Experiments\Clustering\Clustering_2\data\lowif\lowif1\f1d663537526a70cead05d0bcf43624d.jpg 0.0029074 0.0398314 0.150167 0.185492 0.184911 0.187818 0.186946 0.186946 0.187237 0.191743 0.192034 0.227213 0.340166 0.776712 0.888792 0.926007 0.928914 0.815089 0.817997 0.631778 0.630033 0.593691 0.44774 0.19247 0.155255 0.191598 0.227649 0.226196 0.301207 0.557348 0.555895 0.592092 0.631923 0.484373 0.633086 0.852449 0.92528 1 0.706643 0.558511 0.374473 0.191888 0.189272 0.189853 0.19058 0.188981 0.152348 0.114697 0.00508795 0.00625091 0.114115 0.556476 0.590784 0.555459
D:\Thesis\Chu_viet_tay\Experiments\Clustering\Clustering_2\data\lowif\lowif1\f224519a318928e9eda2145fbc6a1124.jpg 0.00648274 0.0456807 0.158601 0.195688 0.235037 0.272124 0.275441 0.503392 0.847279 0.886477 0.618272 0.659581 0.807779 1 0.923564 0.848636 0.77039 0.731796 0.506257 0.161918 0.163275 0.1981 0.159807 0.121061 0.540932 0.698176 0.772652 0.539876 0.424845 0.464797 0.655058 0.843962 0.962611 0.919795 0.848636 0.921152 0.846223 0.808684 0.84562 0.354289 0.160712 0.00874416 0.00557817 0.00723654 0.00618121 0.161315 0.499472 0.766169 0.76632 0.654153
D:\Thesis\Chu_viet_tay\Experiments\Clustering\Clustering_2\data\lowif\lowif2\03341e424447d00628f61f1b3a4ec4e2.jpg 0.10255 0.207795 0.263829 0.214619 0.188757 0.157866 0.144037 0.175647 0.158944 0.144756 0.176006 0.186782 0.283944 0.445582 0.535381 0.523168 0.479705 0.433369 0.390625 0.434626 0.58028 0.730244 0.833154 0.808549 0.693427 0.559806 0.481681 0.4375 0.473599 0.483657 0.493714 0.588362 0.588182 0.582615 0.595187 0.806394 0.980603 1 0.895654 0.695941 0.445582 0.354705 0.273348
D:\Thesis\Chu_viet_tay\Experiments\Clustering\Clustering_2\data\lowif\lowif2\0338e3ebd40e9bb5033f6a74e32702ec.jpg 0.00322898 0.0387477 0.179559 0.250877 0.214376 0.145444 0.109364 0.110768 0.109364 0.111751 0.0746876 0.110768 0.0763723 0.109224 0.110628 0.0753896 0.113997 0.109645 0.217184 0.321915 0.465253 0.462867 0.394356 0.359961 0.326127 0.292995 0.325565 0.297487 0.325565 0.365436 0.324442 0.365857 0.36684 0.403482 0.329356 0.330198 0.33104 0.366559 0.6114 0.646497 0.71599 0.542047 0.471431 0.472834 0.404745 0.471852 0.541906 0.33104 0.226309 0.225467 0.222799 0.292854 0.466657 0.362769 0.29145 0.293977 0.294679 0.257335 0.258318 0.297627 0.473536 0.544995 0.930366 0.961673 1 0.821143 0.398428 0.22294 0.156956 0.117647 0.121438 0.119753 0.116945 0.116945 0.187842 0.183771
D:\Thesis\Chu_viet_tay\Experiments\Clustering\Clustering_2\data\lowif\lowif2\033e63198773cb5132669d847194ea4d.jpg 0.0399774 0.118424 0.119555 0.134075 0.150292 0.366019 0.515369 0.530454 0.501037 0.42806 0.42146 0.49802 0.475391 0.526117 0.608712 0.716387 0.707524 0.645672 0.599472 0.609089 0.628512 0.544032 0.402602 0.368282 0.391665 0.366208 0.370734 0.503677 0.684707 0.795776 1 0.985668 0.704884 0.323968 0.106166 0.160287 0.227607 0.250613 0.197624
D:\Thesis\Chu_viet_tay\Experiments\Clustering\Clustering_2\data\lowif\lowif2\04e3dc7b7be08b2154211339a6baa2a9.jpg 0.00347356 0.0920494 0.178117 0.22501 0.245851 0.216326 0.197414 0.197993 0.170976 0.233115 0.406214 0.517175 0.565998 0.509649 0.443265 0.445581 0.446932 0.47279 0.496333 0.500193 0.572559 0.692783 0.789271 0.887881 0.834813 0.666538 0.59147 0.570822 0.521034 0.49614 0.567349 0.663836 0.668468 0.574682 0.354496 0.183906 0.155924 0.22308 0.414126 0.677731 0.882478 1 0.994597 0.755693 0.380548 0.150328 0.267464 0.327673 0.233887
D:\Thesis\Chu_viet_tay\Experiments\Clustering\Clustering_2\data\lowif\lowif2\066672f3fb4c3ce1a3b6a5ed77ebcf0f.jpg 0.0040615 0.113577 0.147375 0.149695 0.185088 0.14868 0.148825 0.183928 0.148825 0.14984 0.111256 0.150711 0.151001 0.111546 0.151871 0.152161 0.149985 0.117348 0.150276 0.152451 0.152016 0.117929 0.158254 0.448071 0.519147 0.59327 0.703075 0.557006 0.556426 0.629968 0.631854 0.667682 0.562953 0.521323 0.413983 0.377865 0.270235 0.237018 0.526835 0.597766 0.7434 0.708152 0.598346 0.599942 0.564549 0.559182 0.598637 0.525239 0.416304 0.380621 0.343777 0.339135 0.415579 0.303597 0.232231 0.308239 0.415724 0.493908 0.524804 0.563098 0.563969 0.853061 0.893095 1 0.998404 0.89295 0.74311 0.743255 0.750218 0.596606 0.525384 0.340731 0.193211 0.192631 0.154482
D:\Thesis\Chu_viet_tay\Experiments\Clustering\Clustering_2\data\lowif\lowif2\07da85c4a51735fcc991a3c953ba10c1.jpg 0.00587969 0.0824665 0.15438 0.23368 0.19403 0.195839 0.120609 0.118649 0.155736 0.120458 0.120911 0.120458 0.121212 0.119705 0.234886 0.384894 0.46329 0.459822 0.537464 0.538972 0.462234 0.462988 0.389567 0.348409 0.319162 0.317654 0.316297 0.356249 0.394995 0.657923 0.773406 0.807176 0.886175 0.693653 0.582843 0.54651 0.581487 0.550128 0.397407 0.321725 0.274084 0.199307 0.200362 0.198553 0.234585 0.197799 0.1981 0.160259 0.31087 0.275893 0.239258 0.314488 0.281019 0.276195 0.278305 0.353083 0.353837 0.395447 0.545153 0.661842 0.919795 1 0.808081 0.469772 0.168099 0.131012 0.0891 0.163878 0.235489 0.240314 0.241821 0.197799
D:\Thesis\Chu_viet_tay\Experiments\Clustering\Clustering_2\data\lowif\lowif2\0d610be9521fd321d9799a9805c1b87e.jpg 0.00614017 0.00508152 0.0114334 0.0823629 0.15181 0.205378 0.221893 0.258522 0.276096 0.237773 0.182723 0.168325 0.28033 0.43701 0.530172 0.541181 0.583104 0.60343 0.631802 0.684946 0.601736 0.443362 0.394241 0.594749 0.770485 0.883125 0.780648 0.649799 0.669066 0.677747 0.712471 0.859623 0.785729 0.48592 0.304679 0.384713 0.505399 0.673724 0.790599 0.905357 0.972687 1 0.871903 0.522549 0.163455 0.0757993 0.149905 0.142918 0.0558967 0.0103748
D:\Thesis\Chu_viet_tay\Experiments\Clustering\Clustering_2\data\lowif\lowif2\0d73a62fd47739c968ebe1a9bb895dcb.jpg 0.131386 0.13429 0.136682 0.302238 0.387152 0.471211 0.476679 0.437041 0.444387 0.40082 0.438749 0.52298 0.56706 0.447634 0.444729 0.362037 0.474116 0.603964 0.572014 0.649923 0.576627 0.492397 0.519904 0.528105 0.603451 0.536477 0.488467 0.410217 0.250641 0.27063 0.530326 0.756023 1 0.999487 0.7415 0.335384 0.128994 0.209124 0.229797 0.225525 0.223988 0.19033 0.107979 0.0264821
D:\Thesis\Chu_viet_tay\Experiments\Clustering\Clustering_2\data\lowif\lowif2\103a36c9eabf48c3a54c6d3091f24522.jpg 0.182235 0.143677 0.125086 0.0851503 0.107184 0.126004 0.0865274 0.103282 0.317191 0.52605 0.661005 0.624053 0.475557 0.415882 0.453294 0.513197 0.494836 0.405554 0.32683 0.238237 0.150562 0.065412 0.022263 0.225614 0.465228 0.567363 0.519165 0.439064 0.447785 0.410145 0.360799 0.359192 0.412899 0.333257 0.303879 0.371586 0.609594 0.825339 0.907735 1 0.923801 0.58274 0.305256 0.239614 0.184072 0.128758
D:\Thesis\Chu_viet_tay\Experiments\Clustering\Clustering_2\data\lowif\lowif2\1131a632c3f60ad32e29b8303dd21af3.jpg 0.183131 0.321505 0.320613 0.186163 0.186341 0.186163 0.138552 0.139265 0.185984 0.146576 0.142118 0.144258 0.144615 0.187767 0.277817 0.457204 0.63873 0.76694 0.680813 0.639265 0.546719 0.458096 0.414943 0.369116 0.374643 0.327924 0.375 0.418509 0.464337 0.508738 0.595578 0.776034 0.869116 0.959344 0.825963 0.824715 0.739123 0.690442 0.558666 0.552782 0.507846 0.598074 0.640157 0.554208 0.463088 0.28495 0.377318 0.420114 0.415478 0.328281 0.195613 0.278887 0.640692 0.73092 0.861983 1 0.907632 0.776213 0.508559 0.510699 0.507668 0.422254 0.239836 0.148181 0.146933 0.101641 0.32311 0.280136 0.233417 0.0563481 0.010699
D:\Thesis\Chu_viet_tay\Experiments\Clustering\Clustering_2\data\lowif\lowif2\1de225309b2179187d4a2c88e53032e6.jpg 0.218127 0.226583 0.225716 0.178881 0.17216 0.168474 0.171292 0.353209 0.436036 0.538595 0.643539 0.57719 0.597138 0.565698 0.423244 0.388335 0.395707 0.441023 0.490893 0.59085 0.656765 0.839332 0.88595 0.842801 0.748482 0.679965 0.709454 0.594753 0.598872 0.651778 0.624892 0.773417 0.714441 0.389419 0.245447 0.269514 0.523634 0.851041 0.900477 1 0.856678 0.585863 0.238075 0.123374 0.124892 0.199913 0.236774 0.228534 0.189722 0.17281 0.0602775 0.00802255
D:\Thesis\Chu_viet_tay\Experiments\Clustering\Clustering_2\data\lowif\lowif2\1e01b759aaada14a1bc7569d1798313e.jpg 0.00661704 0.114557 0.23139 0.267783 0.231183 0.215467 0.183416 0.165219 0.168528 0.201199 0.317618 0.507237 0.683002 0.70244 0.61828 0.582299 0.553557 0.564516 0.58416 0.617866 0.698304 0.738627 0.804384 0.906534 0.977461 0.907155 0.841811 0.690653 0.583954 0.615385 0.634822 0.515509 0.428453 0.399297 0.58416 0.854839 0.975806 1 0.96981 0.891232 0.760959 0.632754 0.420182 0.215674 0.112076
D:\Thesis\Chu_viet_tay\Experiments\Clustering\Clustering_2\data\lowif\lowif2\2c2ec19f7321482564fdeafee31f5755.jpg 0.137493 0.136788 0.105764 0.278865 0.412128 0.540102 0.494976 0.406311 0.368412 0.360479 0.320642 0.323638 0.364886 0.323638 0.370174 0.279746 0.322757 0.587344 0.672307 0.716552 0.630883 0.586286 0.54539 0.501146 0.667548 0.550326 0.375286 0.493742 0.537987 0.292967 0.362242 0.490217 0.578177 0.583466 0.671073 1 0.785299 0.600564 0.388507 0.250132 0.232681
D:\Thesis\Chu_viet_tay\Experiments\Clustering\Clustering_2\data\lowif\lowif2\3064bf785aa4bab6e8978570fe7a6dc1.jpg 0.0322962 0.156755 0.162662 0.202442 0.204214 0.20579 0.194762 0.154785 0.157739 0.157345 0.154391 0.142773 0.374163 0.517724 0.638637 0.533872 0.416896 0.461796 0.456282 0.415321 0.44998 0.368452 0.41217 0.408822 0.364317 0.385585 0.574045 0.71347 0.796573 0.650256 0.513391 0.509059 0.510437 0.456085 0.276487 0.412564 0.410792 0.321977 0.40449 0.268807 0.371012 0.708941 0.764277 0.909413 0.858409 1 0.811146 0.464947 0.211304 0.257385 0.258369 0.109886 0.0659709
D:\Thesis\Chu_viet_tay\Experiments\Clustering\Clustering_2\data\lowif\lowif2\30b4834ff1332924ec9266b33625443a.jpg 0.00525624 0.0360428 0.114136 0.176272 0.193918 0.194106 0.194856 0.163507 0.149803 0.147926 0.149052 0.148489 0.295851 0.414117 0.489581 0.466867 0.434579 0.465553 0.482636 0.484137 0.482072 0.484888 0.459358 0.410175 0.472499 0.614042 0.671109 0.648958 0.596583 0.577811 0.577248 0.551718 0.530505 0.483387 0.437394 0.462549 0.461048 0.387648 0.541393 0.768538 0.908767 1 0.906139 0.582504 0.22508 0.110006 0.13441 0.199925 0.223015 0.177398
D:\Thesis\Chu_viet_tay\Experiments\Clustering\Clustering_2\data\lowif\lowif2\37a667e6af37a903e37636a786584b33.jpg 0.128176 0.130634 0.128667 0.1703 0.170792 0.214227 0.169153 0.128176 0.090477 0.0898213 0.0917882 0.172922 0.171119 0.170956 0.169972 0.173742 0.133749 0.136699 0.135388 0.137518 0.341911 0.547943 0.712342 0.836256 1 0.879856 0.838387 0.713817 0.589248 0.512047 0.509916 0.469923 0.425668 0.4673 0.505491 0.54696 0.506802 0.471562 0.430749 0.344206 0.68038 0.799869 0.969349 0.882642 0.760531 0.717096 0.639567 0.67448 0.597771 0.512703 0.55663 0.554335 0.472545 0.472709 0.392231 0.550238 0.755942 0.67743 0.346828 0.305524 0.347976 0.42993 0.712506 0.635634 0.509916 0.229307 0.431569 0.591378 0.675791 0.719226 0.710048 0.796591 0.876905 0.626946 0.506802 0.299623 0.132601 0.0932634 0.0953942 0.0914604 0.251762 0.128667
D:\Thesis\Chu_viet_tay\Experiments\Clustering\Clustering_2\data\lowif\lowif2\3847aeda6df686db7b45a203ca3ae982.jpg 0.011911 0.140655 0.225434 0.225959 0.182168 0.136451 0.136626 0.138378 0.139954 0.142407 0.18865 0.408653 0.537047 0.582239 0.493782 0.45402 0.409704 0.457523 0.499737 0.456472 0.495008 0.456998 0.627956 0.759327 0.803293 0.762655 0.679103 0.593799 0.590121 0.544929 0.502014 0.5402 0.501839 0.544929 0.586267 0.467332 0.494658 0.54055 0.66474 0.79436 1 0.990716 0.780347 0.679103 0.595376 0.585391 0.586267 0.315642 0.121387
D:\Thesis\Chu_viet_tay\Experiments\Clustering\Clustering_2\data\lowif\lowif2\393088b8299d1b757f9472346d293305.jpg 0.00440436 0.0962668 0.246225 0.265101 0.179111 0.163171 0.209522 0.173238 0.169463 0.16422 0.168624 0.210151 0.180789 0.467282 0.621644 0.639891 0.558725 0.493289 0.485948 0.485948 0.444211 0.435612 0.47672 0.48469 0.613675 0.768666 0.803062 0.680789 0.563549 0.540898 0.496225 0.368708 0.407299 0.587668 0.602768 0.433935 0.26531 0.264471 0.427852 0.56229 0.742869 0.91401 1 0.860109 0.584102 0.448826 0.366401 0.294673 0.274958 0.382341 0.433935 0.394715 0.205537 0.115772 0.0870386
D:\Thesis\Chu_viet_tay\Experiments\Clustering\Clustering_2\data\lowif\lowif2\40e8721eb1d10eae451467be594fe701.jpg 0.00369259 0.112624 0.216709 0.234249 0.233556 0.237941 0.204016 0.17886 0.218786 0.449342 0.62451 0.648742 0.542349 0.531502 0.555043 0.614817 0.704362 0.644588 0.557351 0.559428 0.702977 0.61874 0.850219 1 0.820909 0.52781 0.474036 0.593584 0.705516 0.733441 0.731133 0.760905 0.646665 0.506116 0.419802 0.44565 0.559658 0.732287 0.843988 0.735518 0.475883 0.190399 0.0364643
D:\Thesis\Chu_viet_tay\Experiments\Clustering\Clustering_2\data\lowif\lowif2\47f061dbf45783dd6485a78a7a77221d.jpg 0.136477 0.138322 0.13819 0.137663 0.138585 0.137136 0.139639 0.274272 0.436174 0.538401 0.606244 0.572915 0.53603 0.507838 0.475036 0.508233 0.54288 0.574364 0.607562 0.539982 0.442761 0.381109 0.541431 0.70768 0.805032 0.836385 0.508102 0.377816 0.343038 0.315769 0.307074 0.312607 0.339613 0.405875 0.437755 0.632986 0.602687 0.537742 0.177052 0.0775919 0.0479515 0.115663 0.379924 0.543407 0.708997 0.837044 0.93624 1 0.871163 0.544592 0.409432 0.181136 0.181794 0.181267 0.143196 0.211698 0.205243 0.173363 0.172705
D:\Thesis\Chu_viet_tay\Experiments\Clustering\Clustering_2\data\lowif\lowif2\4a2e7fb313fe67b035edc10282785f72.jpg 0.0125061 0.171653 0.215547 0.194949 0.273418 0.474007 0.598823 0.664541 0.690044 0.654487 0.5564 0.585336 0.630456 0.630456 0.743992 0.851153 0.949975 1 0.891859 0.781265 0.757479 0.718244 0.763364 0.744483 0.660618 0.600785 0.576999 0.578225 0.605689 0.635115 0.701079 0.794017 0.914419 0.965424 0.782246 0.410495 0.175331 0.139529 0.205493 0.322462 0.349926 0.289603
D:\Thesis\Chu_viet_tay\Experiments\Clustering\Clustering_2\data\lowif\lowif2\51c2ef075444e33f0bcc02a9e01b57dd.jpg 0.00424411 0.150885 0.227279 0.262403 0.152642 0.152934 0.152056 0.114884 0.115469 0.0780038 0.0810771 0.0780038 0.0791746 0.0788819 0.0780038 0.0782965 0.0443436 0.373774 0.519538 0.633689 0.672618 0.521586 0.487634 0.376116 0.343627 0.343334 0.378311 0.381092 0.419581 0.678472 0.78238 0.855993 1 0.746671 0.633104 0.559344 0.524513 0.488951 0.453095 0.490707 0.487634 0.49217 0.563588 0.490561 0.386214 0.421484 0.492317 0.490121 0.41402 0.350066 0.306161 0.238256 0.421045 0.605005 0.749744 0.971316 0.967657 0.968828 0.710669 0.381092 0.0856139
D:\Thesis\Chu_viet_tay\Experiments\Clustering\Clustering_2\data\lowif\lowif2\5312e74f8d0614a845cb5cff8f62432f.jpg 0.175491 0.20287 0.184397 0.171532 0.173511 0.145473 0.133267 0.27808 0.460828 0.536863 0.52004 0.422398 0.353126 0.36632 0.384298 0.382979 0.386277 0.384463 0.359063 0.479631 0.63401 0.756061 0.691407 0.609764 0.509649 0.49464 0.45588 0.403101 0.333498 0.306449 0.30447 0.303975 0.278905 0.263566 0.413986 0.634339 0.837869 1 0.922975 0.718621 0.416296 0.239156 0.174336 0.234043 0.327231 0.296718 0.259113 0.167574
D:\Thesis\Chu_viet_tay\Experiments\Clustering\Clustering_2\data\lowif\lowif2\5375f56201b9d44cc5b77d4434c60977.jpg 0.0865718 0.143709 0.150635 0.113313 0.146402 0.115237 0.143901 0.311081 0.424586 0.558869 0.628896 0.600616 0.515391 0.41516 0.436514 0.409388 0.360523 0.351481 0.389381 0.364756 0.392074 0.583686 0.717968 0.773182 0.642747 0.592536 0.589073 0.448442 0.399192 0.363409 0.280877 0.186418 0.159484 0.227972 0.325125 0.420546 0.718161 0.833205 1 0.840516 0.707772 0.558099 0.497114 0.397653 0.286264 0.254136 0.221239
D:\Thesis\Chu_viet_tay\Experiments\Clustering\Clustering_2\data\lowif\lowif2\5524ad069e4f6489a048774a0a17d363.jpg 0.0765641 0.114482 0.114336 0.115502 0.0770016 0.116086 0.113315 0.113607 0.114627 0.115211 0.115794 0.299402 0.372029 0.482864 0.516407 0.517136 0.485343 0.411842 0.414613 0.34009 0.410967 0.376258 0.415196 0.485927 0.375966 0.307131 0.26586 0.267464 0.228963 0.343153 0.483739 0.597929 0.633076 0.596179 0.485927 0.413592 0.306694 0.231442 0.232901 0.266443 0.301006 0.267318 0.266006 0.267901 0.302319 0.30261 0.414175 0.340382 0.37582 0.667493 0.814934 0.998833 1 0.891498 0.487239 0.191775 0.115065 0.116232 0.0787516 0.0797725 0.0777308
D:\Thesis\Chu_viet_tay\Experiments\Clustering\Clustering_2\data\lowif\lowif2\605756bb3bb31b63cffc33022ee13c43.jpg 0.0110902 0.0791353 0.203383 0.228383 0.146241 0.146805 0.145301 0.146617 0.145113 0.185338 0.413346 0.578008 0.610902 0.520301 0.481391 0.473496 0.44718 0.529887 0.531203 0.52782 0.526504 0.470865 0.343985 0.343421 0.340602 0.311278 0.452256 0.62782 0.681203 0.71015 0.567481 0.35094 0.397932 0.483459 0.43609 0.350376 0.39718 0.391541 0.306579 0.540414 0.816729 0.861654 0.910902 0.955451 1 0.718985 0.29812 0.158835 0.106767 0.103008 0.150752 0.243797 0.243233 0.242857
D:\Thesis\Chu_viet_tay\Experiments\Clustering\Clustering_2\data\lowif\lowif2\6599fe0a2fda7f072d5209834781991a.jpg 0.00877039 0.0861252 0.174005 0.220488 0.224697 0.145939 0.178214 0.142431 0.139449 0.136643 0.138397 0.215927 0.338186 0.435888 0.44536 0.375548 0.323627 0.358007 0.362393 0.401158 0.370286 0.364497 0.327311 0.502368 0.572882 0.692159 0.638309 0.592878 0.549202 0.470268 0.519909 0.608841 0.628486 0.527276 0.492721 0.732152 0.738292 0.779863 0.900544 1 0.857393 0.606385 0.347483 0.244694 0.265743 0.243466 0.233292 0.168567
D:\Thesis\Chu_viet_tay\Experiments\Clustering\Clustering_2\data\lowif\lowif2\6601819ab8201cec26efc2cdf665d38e.jpg 0.00274254 0.0910182 0.160782 0.175694 0.146726 0.132671 0.135413 0.132842 0.137127 0.138327 0.135927 0.274597 0.407439 0.464176 0.537024 0.541652 0.526226 0.52674 0.531882 0.524511 0.502228 0.559308 0.793109 0.967775 1 0.876928 0.735687 0.698663 0.676037 0.728317 0.785053 0.714433 0.587933 0.45989 0.353788 0.36133 0.448749 0.620672 0.767741 0.829277 0.803394 0.651526 0.508742 0.335105 0.162667 0.0973603 0.160267 0.225231 0.224717 0.183236 0.0980459 0.033939
D:\Thesis\Chu_viet_tay\Experiments\Clustering\Clustering_2\data\lowif\lowif2\693ab813a592818a3a218c91f9943ae8.jpg 0.0265102 0.222077 0.172968 0.178835 0.224685 0.199913 0.560843 0.664928 0.655585 0.557801 0.504563 0.503477 0.455671 0.561495 0.511734 0.561712 0.564103 0.619948 0.784007 0.838331 0.947197 0.777271 0.783572 0.71947 0.729248 0.612994 0.782703 0.725989 0.88505 0.941982 0.831595 0.939157 0.944155 1 0.894176 0.57801 0.35854 0.196436 0.18492 0.127988 0.276836 0.333985 0.338983 0.341591 0.33442 0.338548
D:\Thesis\Chu_viet_tay\Experiments\Clustering\Clustering_2\data\lowif\lowif2\6b7d8066b7ae0ab1165c789bae82b22c.jpg 0.00421127 0.0905422 0.165643 0.183716 0.153009 0.138094 0.110019 0.120723 0.138621 0.113002 0.256361 0.412002 0.474118 0.464467 0.42446 0.4578 0.497807 0.522372 0.544482 0.494297 0.37568 0.321811 0.321811 0.298473 0.496052 0.722407 0.810142 0.685208 0.566591 0.611511 0.563081 0.36059 0.255132 0.299702 0.253904 0.146517 0.148096 0.322688 0.539744 0.779084 1 0.898052 0.54764 0.260221 0.144762 0.186524 0.254255 0.273381 0.231795
D:\Thesis\Chu_viet_tay\Experiments\Clustering\Clustering_2\data\lowif\lowif2\6ba5b2f163125a9497a688bbf9455916.jpg 0.0121493 0.17385 0.278565 0.30055 0.301996 0.25311 0.230547 0.231125 0.235754 0.550477 0.722013 0.688169 0.627423 0.607463 0.654035 0.730981 0.603992 0.485103 0.466011 0.416546 0.437663 0.412496 0.48597 0.729245 0.920162 0.870986 0.775528 0.708418 0.726352 0.655482 0.560602 0.537171 0.582875 0.656639 0.592132 0.489442 0.601678 0.684698 0.814001 0.987851 0.947642 0.983801 1 0.677466 0.194677
D:\Thesis\Chu_viet_tay\Experiments\Clustering\Clustering_2\data\lowif\lowif2\6dc06a12b646dd1a839e7efb63c195dc.jpg 0.0778117 0.189843 0.261988 0.314952 0.403226 0.51068 0.588056 0.643636 0.565606 0.503923 0.507629 0.540105 0.646033 0.637751 0.658239 0.691587 0.577594 0.557105 0.681561 0.927419 1 0.7949 0.670009 0.559067 0.392982 0.398431 0.485833 0.559939 0.473191 0.365519 0.426548 0.472319 0.454228 0.590235 0.72755 0.856582 0.805144 0.694856 0.398867 0.173278 0.118788 0.224063 0.28313 0.22646 0.00588492
D:\Thesis\Chu_viet_tay\Experiments\Clustering\Clustering_2\data\lowif\lowif2\6ef0ad1426c58d7e6281e822f1ebe036.jpg 0.00405503 0.112238 0.186531 0.224765 0.222737 0.222447 0.188849 0.187256 0.150181 0.152209 0.149312 0.149891 0.151484 0.150181 0.114555 0.148733 0.149747 0.15076 0.114555 0.149167 0.151629 0.150471 0.151484 0.112672 0.116727 0.116148 0.192614 0.409848 0.553367 0.626647 0.700217 0.738306 0.666184 0.626792 0.516582 0.446778 0.409848 0.410717 0.373932 0.336568 0.336713 0.334975 0.371615 0.40811 0.409848 0.443881 0.480956 0.407386 0.414048 0.375525 0.670094 0.748443 0.852426 0.893555 0.670529 0.635047 0.525996 0.524403 0.524982 0.486169 0.598552 0.633888 0.668501 0.704562 0.670818 0.558146 0.263577 0.271253 0.414193 0.555395 0.556553 0.340768 0.37567 0.413903 0.375091 0.378421 0.339464 0.52252 0.559739 0.631716 0.668067 0.740188 0.780739 0.855612 0.851557 1 0.818682 0.597248 0.523823 0.520203 0.44504 0.372484 0.0835626 0.0816799 0.0813903 0.0813903 0.0812455 0.116582 0.150471 0.18798 0.188559 0.186966 0.150905
D:\Thesis\Chu_viet_tay\Experiments\Clustering\Clustering_2\data\lowif\lowif2\739070243a21d64824c3181d0179606d.jpg 0.0030739 0.0041805 0.189229 0.250953 0.280708 0.157629 0.127505 0.126522 0.128612 0.15972 0.408828 0.498094 0.530677 0.59068 0.468708 0.375876 0.346613 0.377597 0.317718 0.347227 0.376614 0.411902 0.348703 0.285135 0.535227 0.536702 0.59609 0.659535 0.534612 0.445223 0.413378 0.442887 0.346613 0.351039 0.31821 0.287963 0.34858 0.256117 0.348949 0.440428 0.410427 0.322636 0.135251 0.196361 0.197713 0.690766 0.874954 1 0.812861 0.627444 0.349809 0.163654 0.131317 0.164761 0.132546 0.0686094 0.0655355 0.0688553 0.0666421 0.191196 0.190213 0.188491
D:\Thesis\Chu_viet_tay\Experiments\Clustering\Clustering_2\data\lowif\lowif2\7792d9341e8264ef53bdfee99f00041e.jpg 0.0115477 0.0806929 0.150683 0.221518 0.253767 0.254894 0.114209 0.147162 0.148852 0.113364 0.113083 0.115758 0.0782988 0.112097 0.219406 0.432474 0.573018 0.643431 0.787495 0.6416 0.538516 0.539924 0.436699 0.503873 0.473877 0.471342 0.439234 0.436558 0.40445 0.475567 0.511477 0.545134 0.513167 0.445149 0.620476 0.68596 0.827912 0.899451 0.762991 0.724827 0.61597 0.509365 0.338121 0.371919 0.337981 0.400507 0.505281 0.575834 0.612026 0.50683 0.40107 0.153359 0.153359 0.26447 0.439656 0.619068 0.758907 0.96409 0.933953 1 0.828334 0.5426 0.507957 0.332629 0.119561 0.150683 0.153077 0.117589 0.219828 0.254894
D:\Thesis\Chu_viet_tay\Experiments\Clustering\Clustering_2\data\lowif\lowif2\78621850e6e0a2c2af9179f710bb1fbb.jpg 0.00531136 0.00641026 0.206777 0.27381 0.279487 0.200183 0.151648 0.147985 0.144872 0.14652 0.14652 0.260073 0.400366 0.494139 0.62674 0.536996 0.440293 0.427289 0.38663 0.417033 0.350183 0.367949 0.634249 0.732051 0.818315 0.804945 0.719414 0.665934 0.62326 0.573993 0.493407 0.508059 0.621978 0.657875 0.553846 0.414103 0.415385 0.494689 0.791209 0.917766 1 0.989377 0.812454 0.356044 0.265385 0.323077 0.298901 0.254579 0.0800366
D:\Thesis\Chu_viet_tay\Experiments\Clustering\Clustering_2\data\lowif\lowif2\8116eb078f8660c09037e13c2b134f59.jpg 0.00514315 0.0804046 0.157895 0.200926 0.220127 0.194068 0.153609 0.157209 0.158066 0.139379 0.300017 0.484999 0.545174 0.518087 0.459969 0.41711 0.402709 0.380765 0.399966 0.444197 0.486714 0.462026 0.381622 0.376479 0.359335 0.442311 0.633636 0.719355 0.667581 0.56849 0.531116 0.505057 0.54826 0.534373 0.409738 0.33259 0.359506 0.414538 0.562489 0.710098 0.878279 1 0.911538 0.559746 0.193725 0.143322 0.158238 0.215841 0.263329 0.217212 0.0858906
D:\Thesis\Chu_viet_tay\Experiments\Clustering\Clustering_2\data\lowif\lowif2\8541c55b23392d05b30f00e3cbd25a08.jpg 0.00364857 0.0401343 0.186953 0.223292 0.187391 0.150905 0.152072 0.149591 0.148862 0.153094 0.151781 0.151051 0.113689 0.151343 0.152802 0.115149 0.153386 0.115149 0.15251 0.117338 0.153678 0.226649 0.375073 0.55648 0.66798 0.70359 0.595009 0.560274 0.485698 0.41404 0.413164 0.415061 0.413748 0.379743 0.414186 0.449358 0.521746 0.523059 0.485406 0.486281 0.452569 0.488325 0.379597 0.787361 0.89784 0.895213 0.934472 0.71366 0.675861 0.674985 0.639229 0.529918 0.491243 0.526999 0.458406 0.417688 0.346906 0.240806 0.307064 0.41871 0.45359 0.600409 0.602598 0.635873 0.671483 0.345738 0.305458 0.454612 0.490952 0.601868 0.638062 0.709282 0.8561 1 0.817426 0.673964 0.416521 0.305166 0.231319 0.26941 0.305312 0.268097 0.229276 0.151926 0.151489 0.114273 0.116025 0.149737 0.112084 0.11223
D:\Thesis\Chu_viet_tay\Experiments\Clustering\Clustering_2\data\lowif\lowif2\88715c0b9ebe776dafa570a095045a60.jpg 0.18888 0.218409 0.156957 0.20697 0.270817 0.557861 0.617984 0.720404 0.699654 0.573025 0.496409 0.594041 0.625698 0.517159 0.489758 0.75419 0.867252 0.989625 0.913807 0.784251 0.702048 0.689013 0.688747 0.590583 0.607874 0.821495 0.839319 0.723065 0.791434 0.766693 0.801543 0.822293 0.916733 0.862197 0.913275 1 0.88215 0.728917 0.412344 0.198191 0.200851 0.2224
D:\Thesis\Chu_viet_tay\Experiments\Clustering\Clustering_2\data\lowif\lowif2\8e80665986761dc1bd09fcd454a5873f.jpg 0.00685826 0.00146963 0.000653168 0.00130634 0 0.000489876 0.00261267 0.00277596 0.00473547 0.00506205 0.00506205 0.127204 0.167211 0.250653 0.16966 0.171457 0.169824 0.132266 0.128511 0.130307 0.130144 0.128674 0.129654 0.134389 0.131287 0.0912802 0.093403 0.12998 0.0903005 0.0904638 0.253266 0.377041 0.501796 0.624428 0.662312 0.708034 0.623612 0.539843 0.503756 0.420803 0.38243 0.464566 0.466035 0.465219 0.504082 0.465382 0.509471 0.586545 0.752939 0.880144 0.917538 0.754572 0.633899 0.469138 0.506532 0.427335 0.507348 0.431417 0.428152 0.428805 0.391248 0.306499 0.265349 0.22175 0.302743 0.344056 0.344219 0.342423 0.343893 0.465219 0.711137 0.755062 0.716525 0.837035 0.712933 0.551437 0.516656 0.638308 1 0.84177 0.470444 0.0971587 0.0996081 0.258165 0.300457 0.178805 0.13292 0.174233 0.125408
D:\Thesis\Chu_viet_tay\Experiments\Clustering\Clustering_2\data\lowif\lowif2\92279720f2c7c6c2984cd41934aee71d.jpg 0.201746 0.266584 0.266584 0.204988 0.201746 0.20399 0.26409 0.444389 0.576309 0.695262 0.584788 0.461097 0.457855 0.342394 0.334913 0.391272 0.397756 0.683042 0.76384 0.883292 0.783292 0.603491 0.579551 0.588279 0.583042 0.583541 0.529177 0.570324 0.587032 0.694264 0.326434 0.272818 0.273815 0.28005 0.435411 0.675062 0.976808 0.966085 0.902244 1 0.965337 0.494763 0.187781
D:\Thesis\Chu_viet_tay\Experiments\Clustering\Clustering_2\data\lowif\lowif2\99829809697596a742db1346840056e9.jpg 0.00275424 0.124788 0.204237 0.219703 0.219492 0.218432 0.181144 0.166525 0.124576 0.150212 0.127754 0.338347 0.506992 0.614195 0.645127 0.570339 0.54089 0.50678 0.453602 0.472458 0.455932 0.471822 0.668008 0.830085 0.93411 0.899153 0.793432 0.652542 0.597669 0.528178 0.523941 0.711229 0.809746 0.677542 0.496822 0.370975 0.590254 0.886017 1 0.990254 0.845339 0.690254 0.525847 0.279661 0.107839 0.0307203 0.100636 0.197881 0.188136
D:\Thesis\Chu_viet_tay\Experiments\Clustering\Clustering_2\data\lowif\lowif2\9ab56bd05fbbeac701043b192a595091.jpg 0.00678454 0.132607 0.206209 0.252262 0.222039 0.170025 0.162007 0.163446 0.160156 0.167146 0.125411 0.191612 0.335526 0.487664 0.520559 0.565173 0.502878 0.479441 0.436883 0.346012 0.324424 0.511924 0.693051 0.768914 0.784951 0.789268 0.712171 0.687089 0.647615 0.594984 0.582442 0.544613 0.528372 0.564145 0.582031 0.798314 0.889803 1 0.973684 0.976151 0.613692 0.395765 0.445929 0.407072 0.314556 0.204564 0.170436 0.167969 0.129317 0.143092 0.13014 0.113487 0.0462582
D:\Thesis\Chu_viet_tay\Experiments\Clustering\Clustering_2\data\lowif\lowif2\9cccab658ba5d0d1c6a574f98a3b8dd1.jpg 0.00436967 0.280096 0.22482 0.16998 0.170854 0.172165 0.116015 0.16998 0.386498 0.447236 0.551016 0.509723 0.45532 0.449858 0.452698 0.505134 0.454665 0.404632 0.294953 0.338213 0.64846 0.6714 0.775836 0.631199 0.567839 0.515622 0.456849 0.454446 0.454883 0.452043 0.453354 0.308499 0.432816 0.640813 0.769937 0.779768 0.877649 0.984488 1 0.673804 0.386716 0.118418 0.165392 0.177846
D:\Thesis\Chu_viet_tay\Experiments\Clustering\Clustering_2\data\lowif\lowif2\a02754574c92d34e29eb950a2ec17e08.jpg 0.00969029 0.149534 0.197226 0.197036 0.194756 0.198746 0.197606 0.198176 0.148394 0.387042 0.530876 0.578567 0.581417 0.483184 0.439483 0.486415 0.489835 0.582367 0.6768 0.588068 0.588638 0.68041 0.818165 0.870036 0.781493 0.690291 0.68231 0.635569 0.67623 0.635759 0.718602 0.598138 0.541326 0.452974 0.445183 0.65571 0.853316 1 0.931978 0.66445 0.506935 0.534866 0.454494 0.399772 0.309519 0.298499 0.174425 0.151435 0.150295 0.150485 0.150675
D:\Thesis\Chu_viet_tay\Experiments\Clustering\Clustering_2\data\lowif\lowif2\a41bc6cf5729a1f6050e8d1af7859e2f.jpg 0.00586166 0.152403 0.200469 0.248925 0.104338 0.104924 0.154162 0.103361 0.152208 0.153576 0.10551 0.10297 0.103361 0.105901 0.103165 0.349551 0.451934 0.54787 0.598085 0.696561 0.645369 0.549043 0.498242 0.354045 0.305002 0.356975 0.356194 0.356194 0.358734 0.403087 0.408753 0.453302 0.457405 0.803048 0.897616 0.899179 0.848574 0.657483 0.657288 0.60551 0.608441 0.561157 0.463853 0.411489 0.457405 0.557054 0.756546 0.702618 0.505275 0.357171 0.410512 0.409144 0.31399 0.215905 0.359711 0.407776 0.608441 0.758499 0.946854 1 0.951934 0.902306 0.611176 0.50508 0.101016 0.104728 0.149277 0.151231
D:\Thesis\Chu_viet_tay\Experiments\Clustering\Clustering_2\data\lowif\lowif2\aaa2bf3c6014f11d88e2a0ec94e4d0e8.jpg 0.00165812 0.0806452 0.194905 0.268013 0.193699 0.193398 0.190986 0.193247 0.194302 0.196262 0.196111 0.197468 0.194905 0.535876 0.613808 0.68571 0.766204 0.657823 0.580344 0.586072 0.658426 0.661592 0.698372 0.769973 0.733042 0.735454 0.701085 0.732138 0.770425 0.854839 0.886343 0.959301 0.776153 0.657522 0.701688 0.661893 0.619686 0.620591 0.588785 0.435484 0.543865 0.546427 0.506633 0.396443 0.357703 0.358758 0.32243 0.511004 0.772686 0.848206 0.774947 0.621646 0.81429 0.73681 0.84685 1 0.921314 0.919656 0.920109 0.656014 0.504673 0.280977 0.126771 0.129484 0.199879 0.194604
D:\Thesis\Chu_viet_tay\Experiments\Clustering\Clustering_2\data\lowif\lowif2\ab4943902db9602a967e3be12dafecc2.jpg 0.091628 0.134605 0.17638 0.177927 0.179302 0.175176 0.135637 0.133746 0.139591 0.352243 0.439746 0.484958 0.527592 0.482895 0.482551 0.485302 0.572976 0.571257 0.489428 0.444731 0.399003 0.357916 0.525872 0.655836 0.785628 0.746605 0.579165 0.531374 0.529826 0.531374 0.529826 0.649819 0.621282 0.49596 0.368231 0.275915 0.349837 0.436651 0.602544 0.696063 0.822589 0.948771 1 0.73629 0.241533 0.184459 0.223139 0.227609 0.184631
D:\Thesis\Chu_viet_tay\Experiments\Clustering\Clustering_2\data\lowif\lowif2\ab4e63a97680a48a2d7f1d735b9e7dc2.jpg 0.133703 0.2644 0.298867 0.265788 0.203331 0.186676 0.147351 0.0876706 0.107333 0.0881332 0.0682397 0.0733287 0.180893 0.354615 0.528799 0.556095 0.503123 0.448068 0.423548 0.389082 0.400879 0.424011 0.396484 0.368263 0.332639 0.273884 0.219523 0.164006 0.301411 0.458015 0.48508 0.448531 0.386306 0.356697 0.327088 0.267638 0.244969 0.274115 0.300948 0.210965 0.164469 0.253296 0.618783 0.651862 0.743234 1 0.914643 0.564654 0.314134 0.162156 0.229933 0.307425 0.335184 0.25399
D:\Thesis\Chu_viet_tay\Experiments\Clustering\Clustering_2\data\lowif\lowif2\b018ed53402919f9717c69f8e124e1cd.jpg 0.00207708 0.0694669 0.185784 0.267251 0.293561 0.26402 0.239557 0.2054 0.180245 0.182322 0.183245 0.332564 0.529195 0.647819 0.672282 0.617355 0.560812 0.503808 0.476806 0.505423 0.53658 0.591507 0.712901 0.821371 0.93561 0.945073 0.778214 0.655204 0.648973 0.68036 0.787907 0.679206 0.370413 0.330025 0.435264 0.706901 0.891992 0.899146 1 0.953381 0.811678 0.755135 0.800369 0.722132 0.490422 0.269559 0.279483 0.223633
D:\Thesis\Chu_viet_tay\Experiments\Clustering\Clustering_2\data\lowif\lowif2\b6c0364d3271e73972203701b3aafdd0.jpg 0.00833192 0.17497 0.220881 0.26118 0.30284 0.30233 0.26271 0.264411 0.178711 0.139092 0.3479 0.52032 0.604319 0.649039 0.52015 0.47696 0.48019 0.396701 0.34926 0.354872 0.39109 0.398062 0.437341 0.481551 0.530352 0.443972 0.532392 0.528992 0.445673 0.700221 0.91175 0.86992 0.9563 0.91141 0.692399 0.660092 0.568951 0.571501 0.490393 0.398572 0.229553 0.314912 0.357422 0.358102 0.313722 0.402313 0.311852 0.399252 0.573202 0.654991 0.659242 0.572182 0.490223 0.487842 0.742391 0.828941 0.86907 0.91464 0.99932 1 0.910729 0.611801 0.276994 0.136031 0.135861 0.136371 0.177691 0.133821 0.263561 0.3042 0.34739 0.34909 0.26016
D:\Thesis\Chu_viet_tay\Experiments\Clustering\Clustering_2\data\lowif\lowif2\b9339c975ab993109b54298e30fec7d2.jpg 0.00602138 0.155653 0.192835 0.232726 0.156706 0.1549 0.117868 0.118772 0.118621 0.081138 0.080837 0.083095 0.0809875 0.122535 0.118471 0.421647 0.460334 0.611621 0.688093 0.649405 0.574289 0.535451 0.460184 0.425862 0.38868 0.426765 0.391088 0.388078 0.355562 0.389884 0.386422 0.351949 0.319434 0.545988 0.735361 0.848863 0.962517 0.963872 0.848713 0.734909 0.622159 0.544935 0.54373 0.466054 0.432786 0.466054 0.39425 0.353154 0.42812 0.546139 0.50143 0.506247 0.353455 0.358272 0.314617 0.202318 0.204125 0.168749 0.168147 0.209544 0.353154 0.662201 0.772091 0.924432 1 1 0.92383 0.806864 0.585729 0.170405 0.242812 0.241457 0.235887 0.275779 0.307843 0.27322 0.271263 0.272016 0.120428 0.119976
D:\Thesis\Chu_viet_tay\Experiments\Clustering\Clustering_2\data\lowif\lowif2\c38e504352010ea655478f2d070a975f.jpg 0.00481369 0.0360136 0.14245 0.211624 0.229988 0.199144 0.183633 0.184703 0.185773 0.187734 0.307185 0.479943 0.575325 0.58834 0.537172 0.472812 0.432697 0.501694 0.553396 0.495632 0.464076 0.438224 0.390979 0.538955 0.69228 0.756106 0.670529 0.597433 0.514709 0.513104 0.476199 0.417722 0.443216 0.441255 0.46782 0.630237 0.831164 0.929934 0.951328 1 0.850241 0.494919 0.260474 0.195757 0.242289 0.233018 0.142806
D:\Thesis\Chu_viet_tay\Experiments\Clustering\Clustering_2\data\lowif\lowif2\d2ac75814907b5b6b3dd4987f3460aea.jpg 0.0396694 0.12624 0.194215 0.246281 0.227273 0.211364 0.210744 0.176653 0.161364 0.162397 0.16219 0.127066 0.143182 0.293802 0.468595 0.559091 0.549587 0.530165 0.559298 0.485537 0.455165 0.508264 0.591529 0.601446 0.54938 0.624793 0.745661 0.820868 0.750826 0.686364 0.688017 0.686777 0.600413 0.50124 0.394008 0.354339 0.430785 0.504545 0.559091 0.499793 0.424174 0.454959 0.611983 0.796074 0.920455 1 0.948141 0.76281 0.504752 0.217975 0.061157 0.0619835 0.111364 0.188843 0.216942
D:\Thesis\Chu_viet_tay\Experiments\Clustering\Clustering_2\data\lowif\lowif2\d4683389c1e0984799d361654a6c867e.jpg 0.0764664 0.111661 0.110954 0.11053 0.109541 0.144594 0.110954 0.148551 0.148551 0.111802 0.149541 0.14841 0.116184 0.362544 0.469682 0.504311 0.541484 0.398587 0.364382 0.364664 0.364523 0.403675 0.473216 0.439576 0.471661 0.333004 0.33583 0.295548 0.298516 0.333569 0.514205 0.544594 0.687774 0.718728 0.614417 0.545159 0.478728 0.545159 0.580495 0.368763 0.266007 0.260212 0.225018 0.155618 0.260212 0.294276 0.439576 0.508834 0.436325 0.330883 0.260777 0.401272 0.544028 0.61682 0.827138 1 0.79265 0.68424 0.47576 0.296537 0.191519 0.119859 0.117597 0.0460777 0.0436749 0.0808481 0.115194 0.115336
D:\Thesis\Chu_viet_tay\Experiments\Clustering\Clustering_2\data\lowif\lowif2\d6d8bb0adba832a8d8793c0f2e8adfc3.jpg 0.0083764 0.137587 0.230084 0.27357 0.228658 0.229906 0.187132 0.186241 0.142934 0.2766 0.50205 0.590982 0.63625 0.727678 0.638745 0.638924 0.640528 0.776154 0.822492 0.86277 0.823204 0.686152 0.646409 0.556585 0.378899 0.376225 0.334165 0.427553 0.644983 0.826234 1 0.959187 0.909642 0.910176 0.909285 0.327749 0.327214 0.326145 0.373017 0.415612 0.412048 0.237747 0.321155 0.369988 0.413117 0.454108 0.548922 0.503297 0.375156 0.464979 0.599893 0.690608 0.729638 0.777936 0.819105 0.645874 0.327393 0.15131 0.148815 0.148815 0.235787 0.276243 0.32561 0.325076 0.186241 0.0978435 0.0973089 0.0958831 0.0976653 0.0964177
D:\Thesis\Chu_viet_tay\Experiments\Clustering\Clustering_2\data\lowif\lowif2\e3265783191a88890f9129e54a49d6cc.jpg 0.00726773 0.0911412 0.210371 0.252013 0.198389 0.155569 0.155372 0.153997 0.155372 0.156747 0.154194 0.234139 0.432135 0.578865 0.625221 0.573758 0.47692 0.457474 0.454528 0.479474 0.505009 0.58299 0.628167 0.608525 0.64781 0.824985 0.898645 1 0.934198 0.761344 0.701041 0.68022 0.580633 0.52858 0.403064 0.450992 0.442939 0.334315 0.308977 0.327637 0.540562 0.8187 0.850521 0.889609 0.829307 0.618346 0.342762 0.158122 0.144569 0.275781 0.24121 0.174033 0.120998 0.0390886 0.00726773
D:\Thesis\Chu_viet_tay\Experiments\Clustering\Clustering_2\data\lowif\lowif2\e87168362ca22fca079d5f53d8c1963d.jpg 0.004914 0.082868 0.193433 0.267813 0.285459 0.209069 0.172437 0.135135 0.120393 0.157248 0.178244 0.287469 0.48604 0.710074 0.687067 0.518874 0.393567 0.384856 0.41233 0.446281 0.431092 0.379272 0.356935 0.38709 0.573822 0.789591 0.791825 0.748269 0.618271 0.522448 0.459236 0.349564 0.265803 0.274738 0.325441 0.323878 0.301765 0.331919 0.619835 0.915345 1 0.994863 0.766585 0.407862 0.186732 0.131561 0.129998 0.156801 0.178914
D:\Thesis\Chu_viet_tay\Experiments\Clustering\Clustering_2\data\lowif\lowif2\e90075bb9ce84629464e87f7e8b58be7.jpg 0.00358182 0.121558 0.211775 0.228117 0.226774 0.189389 0.210656 0.191627 0.176629 0.176629 0.18021 0.175509 0.17842 0.32214 0.474144 0.550257 0.574882 0.502574 0.461383 0.427356 0.406985 0.403403 0.441236 0.425789 0.441236 0.599955 0.820685 0.945377 0.869487 0.67092 0.543094 0.583165 0.503246 0.408775 0.443251 0.462055 0.525409 0.671368 0.866353 0.969331 1 0.934184 0.76651 0.482651 0.14775 0.108126 0.185583
D:\Thesis\Chu_viet_tay\Experiments\Clustering\Clustering_2\data\lowif\lowif2\f02d522c2518883c239dfafbb644ee05.jpg 0.211811 0.265234 0.320326 0.172788 0.167988 0.215985 0.168406 0.215359 0.366235 0.474332 0.530259 0.532554 0.38919 0.377087 0.378339 0.3798 0.428422 0.526502 0.723498 0.884599 0.993531 0.870618 0.713063 0.692404 0.645242 0.59808 0.636269 0.640442 0.595993 0.456386 0.390234 0.295701 0.49687 0.753756 0.929466 1 0.922788 0.653172 0.422162 0.297997 0.318865 0.326795 0.327003 0.160267 0.03798 0.0125209
D:\Thesis\Chu_viet_tay\Experiments\Clustering\Clustering_2\data\lowif\lowif2\f0b736b347fcd0cab99f99f379704db7.jpg 0.00261134 0.152328 0.223415 0.260699 0.296243 0.297983 0.334252 0.261425 0.188307 0.190048 0.190048 0.153489 0.370666 0.555346 0.661541 0.73698 0.846801 0.666038 0.630495 0.519077 0.486581 0.413173 0.376469 0.338895 0.412157 0.303061 0.338169 0.337009 0.373277 0.409981 0.44683 0.447701 0.485275 0.451327 0.416219 0.416074 0.416074 0.488321 0.668504 0.821993 0.851153 0.923546 0.778326 0.594806 0.564631 0.561874 0.596402 0.563615 0.595822 0.595677 0.63093 0.557377 0.341651 0.303786 0.337154 0.343827 0.305527 0.343537 0.342231 0.524155 0.889888 0.816771 0.447991 0.379225 0.412302 0.52488 0.559408 0.596837 0.637893 0.704338 0.779196 0.961845 1 0.996228 0.962716 0.963441 0.710286 0.524735 0.346293 0.0882054 0.0114609 0.0786305 0.111853 0.148121 0.147106 0.149862
D:\Thesis\Chu_viet_tay\Experiments\Clustering\Clustering_2\data\lowif\lowif2\fe1ff25d4f6c6264cebc5a1e6c83519c.jpg 0.00136333 0.00494206 0.220859 0.303681 0.390252 0.21711 0.219155 0.218643 0.176551 0.181493 0.177744 0.136503 0.264826 0.608725 0.692399 0.778289 0.781186 0.739434 0.613838 0.611111 0.484833 0.486026 0.48381 0.48364 0.529312 0.531697 0.617076 0.65576 0.613667 0.576176 0.657294 0.830777 0.956544 1 0.913599 0.70075 0.699727 0.6106 0.526244 0.613156 0.612474 0.572768 0.572256 0.526755 0.661554 0.614519 0.484492 0.313565 0.441377 0.443252 0.444956 0.48773 0.740798 0.786469 0.701772 0.742843 0.953988 0.827028 0.654226 0.439332 0.185242 0.138889 0.138037 0.136844 0.136844 0.223415 0.220688 0.1803
D:\Thesis\Chu_viet_tay\Experiments\Clustering\Clustering_2\data\lowif\lowif2\ff0edab55c20498fb596dff4493bda7e.jpg 0.00391525 0.203823 0.287886 0.296177 0.195993 0.130124 0.0732381 0.114924 0.0743897 0.11193 0.0769231 0.160755 0.318977 0.403961 0.550438 0.488945 0.424459 0.468448 0.434132 0.373561 0.3655 0.409949 0.327499 0.301013 0.304238 0.355597 0.504376 0.673883 0.757024 0.680101 0.610548 0.509212 0.393828 0.32082 0.354215 0.322432 0.522801 0.72363 0.645555 0.756794 0.951175 1 0.877936 0.708429 0.570474 0.263243 0.131967 0.21626 0.245279 0.280746 0.371488 0.333257 0.140488
